Center
Title
Electric field from Poisson run on file CAPXY.AM
SubTitle
Problem title line 1: Coaxial Capacitor Using X,Y Coordinates

MArkersize -0.7
Abscissa  1
Ordinate 3 4

Titles
X
Y
Ex
Ey
|E|
V 
EndTitles

AxisLabels
X (cm)
Y (cm)
Ex (V/cm)
Ey (V/cm)
E (V/cm)
V  (V)
EndLabels

CurveLabels
X
Y
Ex
Ey
E
V 
EndLabels

Data
;      X         Y          Ex            Ey            |E|           V                                           
;    (cm)      (cm)       (V/cm)        (V/cm)        (V/cm)         (V)    
    2.00000     0.00000  5.479560D+02  0.000000D+00  5.479560D+02  1.000052D+03
    2.10000     0.00000  5.205802D+02  0.000000D+00  5.205802D+02  9.467568D+02
    2.20000     0.00000  4.972579D+02  0.000000D+00  4.972579D+02  8.960253D+02
    2.30000     0.00000  4.757852D+02  0.000000D+00  4.757852D+02  8.475225D+02
    2.40000     0.00000  4.559291D+02  0.000000D+00  4.559291D+02  8.010734D+02
    2.50000     0.00000  4.376198D+02  0.000000D+00  4.376198D+02  7.565185D+02
    2.60000     0.00000  4.207166D+02  0.000000D+00  4.207166D+02  7.137112D+02
    2.70000     0.00000  4.050695D+02  0.000000D+00  4.050695D+02  6.725199D+02
    2.80000     0.00000  3.905461D+02  0.000000D+00  3.905461D+02  6.328270D+02
    2.90000     0.00000  3.770299D+02  0.000000D+00  3.770299D+02  5.945274D+02
    3.00000     0.00000  3.644190D+02  0.000000D+00  3.644190D+02  5.575265D+02
    3.10000     0.00000  3.526258D+02  0.000000D+00  3.526258D+02  5.217390D+02
    3.20000     0.00000  3.415730D+02  0.000000D+00  3.415730D+02  4.870880D+02
    3.30000     0.00000  3.311929D+02  0.000000D+00  3.311929D+02  4.535034D+02
    3.40000     0.00000  3.214260D+02  0.000000D+00  3.214260D+02  4.209215D+02
    3.50000     0.00000  3.122191D+02  0.000000D+00  3.122191D+02  3.892842D+02
    3.60000     0.00000  3.035253D+02  0.000000D+00  3.035253D+02  3.585383D+02
    3.70000     0.00000  2.953035D+02  0.000000D+00  2.953035D+02  3.286349D+02
    3.80000     0.00000  2.875156D+02  0.000000D+00  2.875156D+02  2.995291D+02
    3.90000     0.00000  2.801279D+02  0.000000D+00  2.801279D+02  2.711794D+02
    4.00000     0.00000  2.731110D+02  0.000000D+00  2.731110D+02  2.435476D+02
    4.10000     0.00000  2.664374D+02  0.000000D+00  2.664374D+02  2.165982D+02
    4.20000     0.00000  2.600822D+02  0.000000D+00  2.600822D+02  1.902983D+02
    4.30000     0.00000  2.540236D+02  0.000000D+00  2.540236D+02  1.646175D+02
    4.40000     0.00000  2.482415D+02  0.000000D+00  2.482415D+02  1.395272D+02
    4.50000     0.00000  2.427186D+02  0.000000D+00  2.427186D+02  1.150010D+02
    4.60000     0.00000  2.374406D+02  0.000000D+00  2.374406D+02  9.101419D+01
    4.70000     0.00000  2.324153D+02  0.000000D+00  2.324153D+02  6.754258D+01
    4.80000     0.00000  2.275331D+02  0.000000D+00  2.275331D+02  4.456542D+01
    4.90000     0.00000  2.229341D+02  0.000000D+00  2.229341D+02  2.206068D+01
    5.00000     0.00000  2.185813D+02  0.000000D+00  2.185813D+02 -4.754251D-03
EndData
EndFile
