Center
Title
Electric field from Poisson run on file CAPRZ.AM
SubTitle
Problem title line 1: Coaxial Capacitor Using R,Z Coordinates

MArkersize -0.7
Abscissa  1
Ordinate 3 4

Titles
R
Z
Er
Ez
|E|
V 
EndTitles

AxisLabels
R (cm)
Z (cm)
Er (V/cm)
Ez (V/cm)
E (V/cm)
V  (V)
EndLabels

CurveLabels
R
Z
Er
Ez
E
V 
EndLabels

Data
;      R         Z          Er            Ez            |E|           V                                           
;    (cm)      (cm)       (V/cm)        (V/cm)        (V/cm)         (V)    
    2.00000     0.00000  5.451826D+02  0.000000D+00  5.451826D+02  9.999643D+02
    2.10000     0.00000  5.195970D+02  0.000000D+00  5.195970D+02  9.467543D+02
    2.20000     0.00000  4.959876D+02  0.000000D+00  4.959876D+02  8.959887D+02
    2.30000     0.00000  4.744397D+02  0.000000D+00  4.744397D+02  8.474804D+02
    2.40000     0.00000  4.546841D+02  0.000000D+00  4.546841D+02  8.010361D+02
    2.50000     0.00000  4.365079D+02  0.000000D+00  4.365079D+02  7.564866D+02
    2.60000     0.00000  4.197251D+02  0.000000D+00  4.197251D+02  7.136849D+02
    2.70000     0.00000  4.041856D+02  0.000000D+00  4.041856D+02  6.724976D+02
    2.80000     0.00000  3.897551D+02  0.000000D+00  3.897551D+02  6.328079D+02
    2.90000     0.00000  3.763190D+02  0.000000D+00  3.763190D+02  5.945118D+02
    3.00000     0.00000  3.637778D+02  0.000000D+00  3.637778D+02  5.575146D+02
    3.10000     0.00000  3.520452D+02  0.000000D+00  3.520452D+02  5.217302D+02
    3.20000     0.00000  3.410517D+02  0.000000D+00  3.410517D+02  4.870785D+02
    3.30000     0.00000  3.307181D+02  0.000000D+00  3.307181D+02  4.534958D+02
    3.40000     0.00000  3.209896D+02  0.000000D+00  3.209896D+02  4.209163D+02
    3.50000     0.00000  3.118298D+02  0.000000D+00  3.118298D+02  3.892736D+02
    3.60000     0.00000  3.031688D+02  0.000000D+00  3.031688D+02  3.585290D+02
    3.70000     0.00000  2.949696D+02  0.000000D+00  2.949696D+02  3.286291D+02
    3.80000     0.00000  2.871992D+02  0.000000D+00  2.871992D+02  2.995234D+02
    3.90000     0.00000  2.798424D+02  0.000000D+00  2.798424D+02  2.711746D+02
    4.00000     0.00000  2.728430D+02  0.000000D+00  2.728430D+02  2.435420D+02
    4.10000     0.00000  2.661899D+02  0.000000D+00  2.661899D+02  2.165925D+02
    4.20000     0.00000  2.598535D+02  0.000000D+00  2.598535D+02  1.902922D+02
    4.30000     0.00000  2.538117D+02  0.000000D+00  2.538117D+02  1.646107D+02
    4.40000     0.00000  2.480428D+02  0.000000D+00  2.480428D+02  1.395215D+02
    4.50000     0.00000  2.425332D+02  0.000000D+00  2.425332D+02  1.149925D+02
    4.60000     0.00000  2.372616D+02  0.000000D+00  2.372616D+02  9.100429D+01
    4.70000     0.00000  2.322141D+02  0.000000D+00  2.322141D+02  6.753204D+01
    4.80000     0.00000  2.273759D+02  0.000000D+00  2.273759D+02  4.455400D+01
    4.90000     0.00000  2.227320D+02  0.000000D+00  2.227320D+02  2.204997D+01
    5.00000     0.00000  2.182608D+02  0.000000D+00  2.182608D+02  1.817533D-03
EndData
EndFile
