Center
Title
Electric field from Poisson run on file SPSOURCE.AM
SubTitle
Problem title line 1: Electrostatic Problem, Sputter-Type Ion Source [U. of Wisconsin]

MArkersize -0.7
Abscissa  1
Ordinate 3 4

Titles
R
Z
Er
Ez
|E|
V 
EndTitles

AxisLabels
R (cm)
Z (cm)
Er (V/cm)
Ez (V/cm)
E (V/cm)
V  (V)
EndLabels

CurveLabels
R
Z
Er
Ez
E
V 
EndLabels

Data
;      R         Z          Er            Ez            |E|           V                                           
;    (cm)      (cm)       (V/cm)        (V/cm)        (V/cm)         (V)    
    0.47500     0.00000 -1.652022D+04  0.000000D+00  1.652022D+04 -4.993692D+03
    0.49333     0.00000 -1.603418D+04  0.000000D+00  1.603418D+04 -4.699014D+03
    0.51167     0.00000 -1.548535D+04  0.000000D+00  1.548535D+04 -4.410450D+03
    0.53000     0.00000 -1.494529D+04  0.000000D+00  1.494529D+04 -4.131644D+03
    0.54000     0.00000 -1.466981D+04  0.000000D+00  1.466981D+04 -3.983677D+03
    0.55000     0.00000 -1.440076D+04  0.000000D+00  1.440076D+04 -3.838415D+03
    0.56000     0.00000 -1.414137D+04  0.000000D+00  1.414137D+04 -3.695759D+03
    0.57000     0.00000 -1.389070D+04  0.000000D+00  1.389070D+04 -3.555649D+03
    0.58000     0.00000 -1.364825D+04  0.000000D+00  1.364825D+04 -3.418000D+03
    0.59000     0.00000 -1.341355D+04  0.000000D+00  1.341355D+04 -3.282733D+03
    0.60000     0.00000 -1.318614D+04  0.000000D+00  1.318614D+04 -3.149773D+03
    0.61000     0.00000 -1.296559D+04  0.000000D+00  1.296559D+04 -3.019051D+03
    0.62000     0.00000 -1.275147D+04  0.000000D+00  1.275147D+04 -2.890499D+03
    0.63000     0.00000 -1.254338D+04  0.000000D+00  1.254338D+04 -2.764057D+03
    0.64000     0.00000 -1.234092D+04  0.000000D+00  1.234092D+04 -2.639668D+03
    0.65000     0.00000 -1.214367D+04  0.000000D+00  1.214367D+04 -2.517276D+03
    0.66000     0.00000 -1.195124D+04  0.000000D+00  1.195124D+04 -2.396834D+03
    0.67000     0.00000 -1.176323D+04  0.000000D+00  1.176323D+04 -2.278297D+03
    0.68000     0.00000 -1.157920D+04  0.000000D+00  1.157920D+04 -2.161625D+03
    0.69000     0.00000 -1.139874D+04  0.000000D+00  1.139874D+04 -2.046781D+03
    0.70000     0.00000 -1.122140D+04  0.000000D+00  1.122140D+04 -1.933738D+03
    0.71000     0.00000 -1.104670D+04  0.000000D+00  1.104670D+04 -1.822470D+03
    0.72000     0.00000 -1.087415D+04  0.000000D+00  1.087415D+04 -1.712961D+03
    0.73000     0.00000 -1.070324D+04  0.000000D+00  1.070324D+04 -1.605202D+03
    0.74000     0.00000 -1.053346D+04  0.000000D+00  1.053346D+04 -1.499194D+03
    0.75000     0.00000 -1.036430D+04  0.000000D+00  1.036430D+04 -1.394949D+03
    0.76000     0.00000 -1.021652D+04  0.000000D+00  1.021652D+04 -1.292510D+03
    0.77000     0.00000 -1.010065D+04  0.000000D+00  1.010065D+04 -1.191910D+03
    0.78000     0.00000 -1.000636D+04  0.000000D+00  1.000636D+04 -1.093219D+03
    0.79000     0.00000 -9.998339D+03  0.000000D+00  9.998339D+03 -9.968976D+02
    0.80833     0.00000 -9.992971D+03  0.000000D+00  9.992971D+03 -8.213933D+02
    0.82667     0.00000 -9.298402D+03  0.000000D+00  9.298402D+03 -6.416236D+02
    0.84500     0.00000 -7.136980D+03  0.000000D+00  7.136980D+03 -5.024763D+02
    0.86700     0.00000 -7.627382D+03  0.000000D+00  7.627382D+03 -3.120935D+02
    0.88900     0.00000 -6.692845D+03  0.000000D+00  6.692845D+03 -1.564491D+02
EndData
EndFile
