      1     1    0.00000000        0.00000000      2  0  0  region
      1     1    0.00000000        0.00000000    
      1     2    0.00000000       0.100000000    
      1     3    0.00000000       0.200000000    
      1     4    0.00000000       0.300000000    
      1     5    0.00000000       0.400000000    
      1     6    0.00000000       0.500000000    
      1     7    0.00000000       0.600000000    
      1     8    0.00000000       0.700000000    
      1     9    0.00000000       0.800000000    
      1    10    0.00000000       0.900000000    
      1    11    0.00000000        1.00000000    
      1    12    0.00000000        1.10000000    
      1    13    0.00000000        1.20000000    
      1    14    0.00000000        1.30000000    
      1    15    0.00000000        1.40000000    
      1    16    0.00000000        1.50000000    
      1    17    0.00000000        1.60000000    
      1    18    0.00000000        1.70000000    
      1    19    0.00000000        1.80000000    
      1    20    0.00000000        1.90000000    
      1    21    0.00000000        2.00000000    
      1    22    0.00000000        2.10000000    
      1    23    0.00000000        2.20000000    
      1    24    0.00000000        2.30000000    
      1    25    0.00000000        2.40000000    
      1    26    0.00000000        2.50000000    
      1    27    0.00000000        2.60000000    
      1    28    0.00000000        2.70000000    
      1    29    0.00000000        2.80000000    
      1    30    0.00000000        2.90000000    
      1    31    0.00000000        3.00000000    
      1    32    0.00000000        3.10000000    
      1    33    0.00000000        3.20000000    
      1    34    0.00000000        3.30000000    
      1    35    0.00000000        3.40000000    
      1    36    0.00000000        3.50000000    
      1    37    0.00000000        3.60000000    
      1    38    0.00000000        3.70000000    
      1    39    0.00000000        3.80000000    
      1    40    0.00000000        3.90000000    
      1    41    0.00000000        4.00000000    
      1    42    0.00000000        4.10000000    
      1    43    0.00000000        4.20000000    
      1    44    0.00000000        4.30000000    
      1    45    0.00000000        4.40000000    
      1    46    0.00000000        4.50000000    
      1    47    0.00000000        4.60000000    
      1    48    0.00000000        4.70000000    
      1    49    0.00000000        4.80000000    
      1    50    0.00000000        4.90000000    
      1    51    0.00000000        5.00000000    
      2    51   9.816846230E-02    4.99903620    
      3    51   0.196299079        4.99614518    
      4    51   0.294354018        4.99132805    
      5    51   0.392295479        4.98458667    
      6    51   0.490085702        4.97592363    
      7    51   0.587686987        4.96534228    
      8    50   0.685061708        4.95284670    
      9    50   0.782172325        4.93844170    
     10    50   0.878981400        4.92213284    
     11    50   0.975451610        4.90392640    
     12    50    1.07154577        4.88382941    
     13    50    1.16722682        4.86184960    
     13    49    1.26245789        4.83799546    
     14    49    1.35720225        4.81227618    
     15    49    1.45142339        4.78470168    
     16    49    1.54508497        4.75528258    
     17    48    1.63815090        4.72403023    
     18    48    1.73058529        4.69095668    
     19    48    1.82235250        4.65607467    
     19    47    1.91341716        4.61939766    
     20    47    2.00374417        4.58093979    
     21    47    2.09329869        4.54071587    
     22    46    2.18204620        4.49874142    
     23    46    2.26995250        4.45503262    
     24    46    2.35698368        4.40960632    
     24    45    2.44310621        4.36248004    
     25    45    2.52828687        4.31367193    
     26    44    2.61249282        4.26320082    
     27    44    2.69569161        4.21108617    
     27    43    2.77785117        4.15734806    
     28    43    2.85893980        4.10200722    
     29    42    2.93892626        4.04508497    
     30    42    3.01777971        3.98660327    
     30    41    3.09546975        3.92658465    
     31    41    3.17196642        3.86505227    
     32    40    3.24724024        3.80202983    
     33    40    3.32126219        3.73754163    
     33    39    3.39400373        3.67161255    
     34    38    3.46543681        3.60426798    
     35    38    3.53553391        3.53553391    
     35    37    3.60426798        3.46543681    
     36    36    3.67161255        3.39400373    
     37    36    3.73754163        3.32126219    
     37    35    3.80202983        3.24724024    
     38    34    3.86505227        3.17196642    
     39    34    3.92658465        3.09546975    
     39    33    3.98660327        3.01777971    
     40    32    4.04508497        2.93892626    
     40    31    4.10200722        2.85893980    
     41    31    4.15734806        2.77785117    
     42    30    4.21108617        2.69569161    
     42    29    4.26320082        2.61249282    
     43    28    4.31367193        2.52828687    
     43    27    4.36248004        2.44310621    
     44    26    4.40960632        2.35698368    
     44    25    4.45503262        2.26995250    
     45    24    4.49874142        2.18204620    
     45    23    4.54071587        2.09329869    
     46    22    4.58093979        2.00374417    
     46    21    4.61939766        1.91341716    
     47    20    4.65607467        1.82235250    
     47    19    4.69095668        1.73058529    
     48    18    4.72403023        1.63815090    
     48    17    4.75528258        1.54508497    
     49    16    4.78470168        1.45142339    
     48    15    4.81227618        1.35720225    
     49    14    4.83799546        1.26245789    
     49    13    4.86184960        1.16722682    
     50    12    4.88382941        1.07154577    
     49    11    4.90392640       0.975451610    
     50    10    4.92213284       0.878981400    
     50     9    4.93844170       0.782172325    
     51     8    4.95284670       0.685061708    
     50     7    4.96534228       0.587686987    
     51     6    4.97592363       0.490085702    
     50     5    4.98458667       0.392295479    
     51     4    4.99132805       0.294354018    
     50     3    4.99614518       0.196299079    
     51     2    4.99903620       9.816846230E-02
     51     1    5.00000000        0.00000000    
     50     1    4.90000000        0.00000000    
     49     1    4.80000000        0.00000000    
     48     1    4.70000000        0.00000000    
     47     1    4.60000000        0.00000000    
     46     1    4.50000000        0.00000000    
     45     1    4.40000000        0.00000000    
     44     1    4.30000000        0.00000000    
     43     1    4.20000000        0.00000000    
     42     1    4.10000000        0.00000000    
     41     1    4.00000000        0.00000000    
     40     1    3.90000000        0.00000000    
     39     1    3.80000000        0.00000000    
     38     1    3.70000000        0.00000000    
     37     1    3.60000000        0.00000000    
     36     1    3.50000000        0.00000000    
     35     1    3.40000000        0.00000000    
     34     1    3.30000000        0.00000000    
     33     1    3.20000000        0.00000000    
     32     1    3.10000000        0.00000000    
     31     1    3.00000000        0.00000000    
     30     1    2.90000000        0.00000000    
     29     1    2.80000000        0.00000000    
     28     1    2.70000000        0.00000000    
     27     1    2.60000000        0.00000000    
     26     1    2.50000000        0.00000000    
     25     1    2.40000000        0.00000000    
     24     1    2.30000000        0.00000000    
     23     1    2.20000000        0.00000000    
     22     1    2.10000000        0.00000000    
     21     1    2.00000000        0.00000000    
     20     1    1.90000000        0.00000000    
     19     1    1.80000000        0.00000000    
     18     1    1.70000000        0.00000000    
     17     1    1.60000000        0.00000000    
     16     1    1.50000000        0.00000000    
     15     1    1.40000000        0.00000000    
     14     1    1.30000000        0.00000000    
     13     1    1.20000000        0.00000000    
     12     1    1.10000000        0.00000000    
     11     1    1.00000000        0.00000000    
     10     1   0.900000000        0.00000000    
      9     1   0.800000000        0.00000000    
      8     1   0.700000000        0.00000000    
      7     1   0.600000000        0.00000000    
      6     1   0.500000000        0.00000000    
      5     1   0.400000000        0.00000000    
      4     1   0.300000000        0.00000000    
      3     1   0.200000000        0.00000000    
      2     1   0.100000000        0.00000000    
      1     1    0.00000000        0.00000000      count

      2     0    1000.00000        0.00000000      2 -1  0  region
      1     1    0.00000000        0.00000000    
      1     2    0.00000000       0.100000000    
      1     3    0.00000000       0.200000000    
      1     4    0.00000000       0.300000000    
      1     5    0.00000000       0.400000000    
      1     6    0.00000000       0.500000000    
      1     7    0.00000000       0.600000000    
      1     8    0.00000000       0.700000000    
      1     9    0.00000000       0.800000000    
      1    10    0.00000000       0.900000000    
      1    11    0.00000000        1.00000000    
      1    12    0.00000000        1.10000000    
      1    13    0.00000000        1.20000000    
      1    14    0.00000000        1.30000000    
      1    15    0.00000000        1.40000000    
      1    16    0.00000000        1.50000000    
      1    17    0.00000000        1.60000000    
      1    18    0.00000000        1.70000000    
      1    19    0.00000000        1.80000000    
      1    20    0.00000000        1.90000000    
      1    21    0.00000000        2.00000000    
      2    21   9.516383165E-02    1.99773468    
      3    21   0.190112087        1.99094385    
      4    21   0.284629677        1.97964288    
      5    21   0.378502489        1.96385739    
      6    20   0.471517871        1.94362314    
      7    20   0.563465114        1.91898595    
      8    20   0.654135927        1.89000164    
      8    19   0.743324911        1.85673587    
      9    19   0.830830026        1.81926399    
     10    19   0.916453043        1.77767090    
     11    18    1.00000000        1.73205081    
     11    19    1.05000000        1.81865335    
     12    20    1.10000000        1.90525589    
     12    21    1.15000000        1.99185843    
     13    22    1.20000000        2.07846097    
     13    23    1.25000000        2.16506351    
     14    23    1.30000000        2.25166605    
     15    24    1.35000000        2.33826859    
     15    25    1.40000000        2.42487113    
     16    26    1.45000000        2.51147367    
     16    27    1.50000000        2.59807621    
     17    26    1.58420355        2.54760654    
     18    26    1.66671070        2.49440884    
     18    25    1.74743309        2.43854005    
     19    25    1.82628429        2.38006002    
     20    24    1.90317985        2.31903136    
     21    24    1.97803745        2.25551942    
     21    23    2.05077691        2.18959222    
     22    22    2.12132034        2.12132034    
     23    22    2.18959222        2.05077691    
     23    21    2.25551942        1.97803745    
     24    20    2.31903136        1.90317985    
     24    19    2.38006002        1.82628429    
     25    19    2.43854005        1.74743309    
     26    18    2.49440884        1.66671070    
     26    17    2.54760654        1.58420355    
     27    16    2.59807621        1.50000000    
     26    16    2.51934663        1.45454545    
     25    15    2.44061705        1.40909091    
     24    15    2.36188746        1.36363636    
     24    14    2.28315788        1.31818182    
     23    14    2.20442830        1.27272727    
     22    13    2.12569872        1.22727273    
     21    13    2.04696914        1.18181818    
     21    12    1.96823955        1.13636364    
     20    12    1.88950997        1.09090909    
     19    11    1.81078039        1.04545455    
     18    11    1.73205081        1.00000000    
     19    10    1.78201305       0.907980999    
     19     9    1.82709092       0.813473286    
     20     8    1.86716085       0.716735899    
     20     7    1.90211303       0.618033989    
     20     6    1.93185165       0.517638090    
     20     5    1.95629520       0.415823382    
     21     4    1.97537668       0.312868930    
     20     3    1.98904379       0.209056927    
     21     2    1.99725907       0.104671912    
     21     1    2.00000000        0.00000000    
     20     1    1.90000000        0.00000000    
     19     1    1.80000000        0.00000000    
     18     1    1.70000000        0.00000000    
     17     1    1.60000000        0.00000000    
     16     1    1.50000000        0.00000000    
     15     1    1.40000000        0.00000000    
     14     1    1.30000000        0.00000000    
     13     1    1.20000000        0.00000000    
     12     1    1.10000000        0.00000000    
     11     1    1.00000000        0.00000000    
     10     1   0.900000000        0.00000000    
      9     1   0.800000000        0.00000000    
      8     1   0.700000000        0.00000000    
      7     1   0.600000000        0.00000000    
      6     1   0.500000000        0.00000000    
      5     1   0.400000000        0.00000000    
      4     1   0.300000000        0.00000000    
      3     1   0.200000000        0.00000000    
      2     1   0.100000000        0.00000000    
      1     1    0.00000000        0.00000000      count

 9999999      12 c
      1     1     1    21
      1    21     1    51
      1    51    51     1
     51     1    21     1
     21     1     1     1
      1     1     1    21
      1    21    11    18
     11    18    16    27
     16    27    27    16
     27    16    18    11
     18    11    21     1
     21     1     1     1
