; File TDEMO.TBL  Sample input file for Tablplot

Center
Title
Sample Tablplot file for RFQ design parameters, Scale shows: Aperture a (mm); 
SubTitle
Radius r0 (mm); Energy W (MeV); Modulation m; Synchronous Phase phi

LeftFooter
Use this area for other information regarding the data. 

RightFooter
Right footer area. 

xscale 0 2.2
yscale 0 3.5
LockScale

NoTimeDate

Abscissa  13
Ordinate  8 9 11 3 7 6

Titles
Cell number
Vane voltage
Energy
Beta
Ezero
SQRT(10A)    :*10  :**.5
sin(Phase)   :*-0.017453293 :sin   ; sin assumes angles in radians
Aperture     :*  10
Modulation
B
R0           :*10
Cell length
Position     :*   0.01
EndTitles

CurveLabels
N
V
W
beta
E0
SQRT(10A)
-sin(phi)
a
m
B
r0
L
Z
EndLabels

AxisLabels
Cell Number
Vane Voltage (kV)
Energy (MeV)
Beta
Ezero (MV/m)
SQRT(10A)
sin(phi)
Aperture (mm)
Modulation
B
R0 (mm)
Cell Length (cm)
Position (m)
EndLabels

; Design code output
;nc   v    ws   beta  ez   capa   phi    a    m      b    r0   cl     tl
data
  0 .071 .0350 .0086 .000 .00000 -90.0 .261 1.000  5.423 .261 .303    .00
  5 .071 .0350 .0086 .014 .00060 -89.8 .261 1.002  5.423 .261 .303   1.51
 10 .071 .0350 .0086 .084 .00360 -88.5 .260 1.014  5.423 .261 .303   3.03
 15 .071 .0351 .0087 .153 .00658 -87.3 .258 1.026  5.423 .261 .303   4.55
 20 .071 .0353 .0087 .222 .00956 -86.1 .257 1.037  5.423 .261 .304   6.07
 25 .071 .0356 .0087 .291 .01257 -84.9 .255 1.049  5.423 .261 .305   7.59
 30 .071 .0360 .0088 .360 .01563 -83.6 .254 1.061  5.423 .261 .307   9.12
 35 .071 .0366 .0088 .417 .01824 -82.4 .253 1.070  5.423 .261 .309  10.66
 40 .071 .0374 .0089 .475 .02104 -81.2 .252 1.079  5.423 .261 .312  12.21
 45 .071 .0384 .0091 .537 .02411 -79.9 .251 1.089  5.423 .261 .316  13.78
 50 .071 .0398 .0092 .603 .02754 -78.6 .250 1.099  5.423 .261 .322  15.38
 55 .071 .0416 .0094 .668 .03117 -77.3 .249 1.108  5.423 .261 .329  17.01
 60 .071 .0437 .0097 .708 .03390 -76.0 .248 1.112  5.423 .261 .337  18.68
 65 .071 .0463 .0099 .752 .03701 -74.6 .248 1.116  5.423 .261 .346  20.39
 70 .071 .0493 .0103 .798 .04055 -73.2 .247 1.121  5.423 .261 .357  22.15
 75 .071 .0529 .0106 .847 .04459 -71.7 .247 1.126  5.423 .261 .370  23.98
 80 .071 .0572 .0110 .883 .04835 -70.2 .246 1.128  5.423 .261 .385  25.87
 85 .071 .0622 .0115 .913 .05212 -68.6 .246 1.130  5.423 .261 .401  27.85
 90 .071 .0680 .0120 .942 .05619 -66.9 .246 1.132  5.423 .261 .419  29.91
 95 .071 .0746 .0126 .968 .06055 -65.2 .246 1.134  5.423 .261 .439  32.06
100 .071 .0827 .0133 1.046 .06886 -62.5 .245 1.144  5.423 .261 .463  34.33
105 .071 .0928 .0141 1.139 .07938 -59.4 .243 1.156  5.423 .261 .490  36.72
110 .071 .1058 .0150 1.258 .09367 -56.0 .241 1.174  5.423 .261 .523  39.27
115 .071 .1229 .0162 1.422 .11405 -52.3 .238 1.201  5.423 .261 .563  42.00
120 .071 .1459 .0176 1.641 .14350 -48.3 .234 1.240  5.423 .261 .613  44.96
125 .071 .1779 .0195 1.944 .18772 -44.0 .227 1.303  5.423 .261 .676  48.21
130 .071 .2244 .0219 2.385 .25854 -39.3 .217 1.412  5.423 .261 .759  51.83
135 .071 .2950 .0251 2.950 .36671 -35.0 .200 1.600  5.417 .261 .866  55.94
140 .071 .3818 .0285 2.749 .38870 -34.8 .199 1.616  5.357 .263 .986  60.62
145 .071 .4733 .0318 2.585 .40699 -34.6 .198 1.634  5.289 .265 1.100  65.90
150 .071 .5689 .0348 2.453 .42329 -34.4 .197 1.654  5.215 .266 1.208  71.72
155 .071 .6683 .0377 2.344 .43848 -34.2 .197 1.676  5.134 .269 1.310  78.07
160 .071 .7713 .0405 2.255 .45303 -33.9 .196 1.699  5.047 .271 1.409  84.92
165 .071 .8779 .0432 2.180 .46722 -33.7 .196 1.724  4.953 .273 1.504  92.25
170 .071 .9881 .0459 2.116 .48118 -33.4 .196 1.751  4.853 .276 1.597 100.05
175 .071 1.1019 .0484 2.062 .49500 -33.1 .195 1.779  4.748 .279 1.687 108.31
180 .071 1.2193 .0509 2.015 .50872 -32.7 .195 1.809  4.637 .283 1.775 117.01
185 .071 1.3402 .0534 1.973 .52234 -32.4 .195 1.841  4.520 .286 1.862 126.15
190 .071 1.4648 .0558 1.936 .53586 -32.1 .195 1.874  4.398 .290 1.947 135.71
195 .071 1.5931 .0582 1.904 .54928 -31.7 .195 1.908  4.271 .294 2.031 145.70
200 .071 1.7250 .0606 1.874 .56257 -31.3 .195 1.944  4.138 .299 2.114 156.10
205 .071 1.8605 .0629 1.847 .57572 -30.9 .196 1.981  4.000 .304 2.196 166.92
210 .071 1.9998 .0652 1.821 .58869 -30.5 .196 2.019  3.856 .310 2.276 178.14
215 .071 2.1427 .0675 1.798 .60148 -30.1 .197 2.059  3.708 .316 2.357 189.76
220 .071 2.2893 .0697 1.776 .61405 -29.6 .198 2.100  3.554 .323 2.436 201.78
225 .071 2.4396 .0720 1.755 .62638 -29.2 .199 2.143  3.396 .330 2.515 214.20
227 .071 2.5007 .0729 1.747 .63124 -29.0 .200 2.160  3.331 .333 2.546 220.00
ENDDATA  
ENDFILE

