Center
Title
Electric field data from file C1QMM.AM
SubTitle
Problem title line 1: Electrostatic problem in millimeters with space charge - one quadrant

MArkersize -0.3
Abscissa 1
Ordinate 3 4 5 6


Titles
X
Y
Ex
Ey
|E|
V 
EndTitles

AxisLabels
X (mm)
Y (mm)
Ex (V/cm)
Ey (V/cm)
E (V/cm)
V  (V)
EndLabels

CurveLabels
X
Y
Ex
Ey
E
V 
EndLabels

Data
;     X             Y              Ex            Ey            |E|           V 
;   (mm)          (mm)           (V/cm)        (V/cm)        (V/cm)         (V)  
   10.0000       6.66667      3.904906E+03  2.599298E+03  4.690910E+03  6.783735E+03
   10.1980       6.79868      3.828837E+03  2.549062E+03  4.599751E+03  6.673162E+03
   10.3960       6.93070      3.755881E+03  2.500489E+03  4.512104E+03  6.564624E+03
   10.5941       7.06271      3.686165E+03  2.454274E+03  4.428462E+03  6.458158E+03
   10.7921       7.19472      3.618246E+03  2.409051E+03  4.346864E+03  6.353720E+03
   10.9901       7.32674      3.552895E+03  2.365752E+03  4.268472E+03  6.251110E+03
   11.1881       7.45875      3.490309E+03  2.324174E+03  4.193333E+03  6.150395E+03
   11.3861       7.59076      3.429624E+03  2.283694E+03  4.120385E+03  6.051401E+03
   11.5842       7.72278      3.370760E+03  2.245245E+03  4.050080E+03  5.954158E+03
   11.7822       7.85479      3.314319E+03  2.207181E+03  3.982004E+03  5.858509E+03
   11.9802       7.98680      3.259708E+03  2.170794E+03  3.916382E+03  5.764465E+03
   12.1782       8.11881      3.206470E+03  2.135741E+03  3.852641E+03  5.672005E+03
   12.3762       8.25083      3.155263E+03  2.101437E+03  3.791006E+03  5.580985E+03
   12.5743       8.38284      3.105863E+03  2.068581E+03  3.731677E+03  5.491423E+03
   12.7723       8.51485      3.057458E+03  2.036510E+03  3.673612E+03  5.403294E+03
   12.9703       8.64687      3.010783E+03  2.005403E+03  3.617521E+03  5.316476E+03
   13.1683       8.77888      2.965626E+03  1.975475E+03  3.563347E+03  5.231016E+03
   13.3663       8.91089      2.921680E+03  1.946151E+03  3.510515E+03  5.146801E+03
   13.5644       9.04291      2.878954E+03  1.917813E+03  3.459246E+03  5.063818E+03
   13.7624       9.17492      2.837601E+03  1.890261E+03  3.409555E+03  4.982072E+03
   13.9604       9.30693      2.797456E+03  1.863506E+03  3.361312E+03  4.901466E+03
   14.1584       9.43895      2.758101E+03  1.837612E+03  3.314203E+03  4.822020E+03
   14.3564       9.57096      2.720204E+03  1.812135E+03  3.268538E+03  4.743650E+03
   14.5545       9.70297      2.683387E+03  1.787620E+03  3.224306E+03  4.666359E+03
   14.7525       9.83499      2.647153E+03  1.763661E+03  3.180868E+03  4.590132E+03
   14.9505       9.96700      2.612150E+03  1.740246E+03  3.138755E+03  4.514897E+03
   15.1485       10.0990      2.578019E+03  1.717689E+03  3.097844E+03  4.440677E+03
   15.3465       10.2310      2.544774E+03  1.695476E+03  3.057861E+03  4.367401E+03
   15.5446       10.3630      2.512361E+03  1.673880E+03  3.018912E+03  4.295060E+03
   15.7426       10.4951      2.480742E+03  1.652874E+03  2.980951E+03  4.223659E+03
   15.9406       10.6271      2.450016E+03  1.632389E+03  2.944023E+03  4.153130E+03
   16.1386       10.7591      2.419930E+03  1.612427E+03  2.907917E+03  4.083470E+03
   16.3366       10.8911      2.390558E+03  1.592811E+03  2.872597E+03  4.014679E+03
   16.5347       11.0231      2.361876E+03  1.573772E+03  2.838171E+03  3.946698E+03
   16.7327       11.1551      2.334029E+03  1.555209E+03  2.804705E+03  3.879544E+03
   16.9307       11.2871      2.306712E+03  1.536991E+03  2.771870E+03  3.813166E+03
   17.1287       11.4191      2.279994E+03  1.519364E+03  2.739861E+03  3.747573E+03
   17.3267       11.5512      2.253987E+03  1.501918E+03  2.708545E+03  3.682718E+03
   17.5248       11.6832      2.228560E+03  1.484976E+03  2.677990E+03  3.618603E+03
   17.7228       11.8152      2.203599E+03  1.468425E+03  2.648041E+03  3.555222E+03
   17.9208       11.9472      2.179268E+03  1.452174E+03  2.618782E+03  3.492528E+03
   18.1188       12.0792      2.155547E+03  1.436390E+03  2.590289E+03  3.430528E+03
   18.3168       12.2112      2.132164E+03  1.420825E+03  2.562200E+03  3.369213E+03
   18.5149       12.3432      2.109348E+03  1.405639E+03  2.534791E+03  3.308542E+03
   18.7129       12.4752      2.087065E+03  1.390804E+03  2.508022E+03  3.248531E+03
   18.9109       12.6073      2.065220E+03  1.376236E+03  2.481766E+03  3.189141E+03
   19.1089       12.7393      2.043776E+03  1.362021E+03  2.456038E+03  3.130368E+03
   19.3069       12.8713      2.022843E+03  1.348024E+03  2.430856E+03  3.072212E+03
   19.5050       13.0033      2.002361E+03  1.334377E+03  2.406244E+03  3.014640E+03
   19.7030       13.1353      1.982159E+03  1.320988E+03  2.382008E+03  2.957659E+03
   19.9010       13.2673      1.962467E+03  1.307815E+03  2.358317E+03  2.901237E+03
   20.0990       13.3993      1.943144E+03  1.295017E+03  2.335140E+03  2.845384E+03
   20.2970       13.5314      1.924183E+03  1.282349E+03  2.312336E+03  2.790070E+03
   20.4950       13.6634      1.905598E+03  1.269955E+03  2.289997E+03  2.735291E+03
   20.6931       13.7954      1.887357E+03  1.257826E+03  2.268092E+03  2.681050E+03
   20.8911       13.9274      1.869465E+03  1.245901E+03  2.246590E+03  2.627314E+03
   21.0891       14.0594      1.851940E+03  1.234245E+03  2.225543E+03  2.574088E+03
   21.2871       14.1914      1.834695E+03  1.222733E+03  2.204809E+03  2.521367E+03
   21.4851       14.3234      1.817765E+03  1.211478E+03  2.184479E+03  2.469125E+03
   21.6832       14.4554      1.801209E+03  1.200437E+03  2.164579E+03  2.417370E+03
   21.8812       14.5875      1.784900E+03  1.189562E+03  2.144976E+03  2.366079E+03
   22.0792       14.7195      1.768864E+03  1.178946E+03  2.125746E+03  2.315257E+03
   22.2772       14.8515      1.753166E+03  1.168433E+03  2.106852E+03  2.264881E+03
   22.4752       14.9835      1.737743E+03  1.158158E+03  2.088320E+03  2.214952E+03
   22.6733       15.1155      1.722535E+03  1.148050E+03  2.070059E+03  2.165468E+03
   22.8713       15.2475      1.707628E+03  1.138102E+03  2.052138E+03  2.116406E+03
   23.0693       15.3795      1.692995E+03  1.128373E+03  2.034565E+03  2.067774E+03
   23.2673       15.5116      1.678573E+03  1.118751E+03  2.017229E+03  2.019552E+03
   23.4653       15.6436      1.664398E+03  1.109320E+03  2.000203E+03  1.971738E+03
   23.6634       15.7756      1.650483E+03  1.100040E+03  1.983477E+03  1.924332E+03
   23.8614       15.9076      1.636804E+03  1.090921E+03  1.967037E+03  1.877316E+03
   24.0594       16.0396      1.623308E+03  1.081977E+03  1.950847E+03  1.830688E+03
   24.2574       16.1716      1.610065E+03  1.073109E+03  1.934908E+03  1.784447E+03
   24.4554       16.3036      1.597034E+03  1.064477E+03  1.919278E+03  1.738582E+03
   24.6535       16.4356      1.584200E+03  1.055898E+03  1.903841E+03  1.693083E+03
   24.8515       16.5677      1.571584E+03  1.047477E+03  1.888673E+03  1.647947E+03
   25.0495       16.6997      1.559156E+03  1.039215E+03  1.873749E+03  1.603174E+03
   25.2475       16.8317      1.546930E+03  1.031059E+03  1.859052E+03  1.558749E+03
   25.4455       16.9637      1.534907E+03  1.023055E+03  1.844609E+03  1.514671E+03
   25.6436       17.0957      1.523042E+03  1.015142E+03  1.830347E+03  1.470940E+03
   25.8416       17.2277      1.511363E+03  1.007369E+03  1.816318E+03  1.427540E+03
   26.0396       17.3597      1.499891E+03  9.997200E+02  1.802530E+03  1.384476E+03
   26.2376       17.4917      1.488569E+03  9.921705E+02  1.788921E+03  1.341734E+03
   26.4356       17.6238      1.477400E+03  9.847628E+02  1.775519E+03  1.299317E+03
   26.6337       17.7558      1.466431E+03  9.774241E+02  1.762322E+03  1.257213E+03
   26.8317       17.8878      1.455628E+03  9.702260E+02  1.749340E+03  1.215421E+03
   27.0297       18.0198      1.444943E+03  9.631171E+02  1.736506E+03  1.173940E+03
   27.2277       18.1518      1.434437E+03  9.561098E+02  1.723878E+03  1.132757E+03
   27.4257       18.2838      1.424088E+03  9.492225E+02  1.711447E+03  1.091878E+03
   27.6238       18.4158      1.413882E+03  9.424152E+02  1.699179E+03  1.051288E+03
   27.8218       18.5479      1.403812E+03  9.357177E+02  1.687085E+03  1.010988E+03
   28.0198       18.6799      1.393894E+03  9.290961E+02  1.675160E+03  9.709782E+02
   28.2178       18.8119      1.384133E+03  9.225909E+02  1.663430E+03  9.312466E+02
   28.4158       18.9439      1.374480E+03  9.161636E+02  1.651832E+03  8.917950E+02
   28.6139       19.0759      1.364960E+03  9.098159E+02  1.640390E+03  8.526152E+02
   28.8119       19.2079      1.355575E+03  9.035800E+02  1.629122E+03  8.137086E+02
   29.0099       19.3399      1.346327E+03  8.974043E+02  1.618002E+03  7.750649E+02
   29.2079       19.4719      1.337208E+03  8.913303E+02  1.607045E+03  7.366847E+02
   29.4059       19.6040      1.328195E+03  8.853227E+02  1.596214E+03  6.985666E+02
   29.6040       19.7360      1.319308E+03  8.794031E+02  1.585535E+03  6.607010E+02
   29.8020       19.8680      1.310554E+03  8.735671E+02  1.575014E+03  6.230910E+02
   30.0000       20.0000      1.301904E+03  8.677991E+02  1.564618E+03  5.857275E+02
EndData
EndFile
