Center
Title
Electric field from Poisson run on file C1Q.AM
SubTitle
Problem title line 1: Electrostatic problem with space charge - one quadrant

MArkersize -0.7
Abscissa  1
Ordinate 3 4

Titles
X
Y
Ex
Ey
|E|
V 
EndTitles

AxisLabels
X (cm)
Y (cm)
Ex (V/cm)
Ey (V/cm)
E (V/cm)
V  (V)
EndLabels

CurveLabels
X
Y
Ex
Ey
E
V 
EndLabels

Data
;      X         Y          Ex            Ey            |E|           V                                           
;    (cm)      (cm)       (V/cm)        (V/cm)        (V/cm)         (V)    
    0.00000     0.00000 -3.040541D+00 -7.530806D-02  3.041473D+00  1.455491D+04
    0.04167     0.00000  9.367054D+02  4.103141D+00  9.367144D+02  1.453553D+04
    0.08333     0.00000  1.879286D+03 -2.649229D+00  1.879288D+03  1.447651D+04
    0.12500     0.00000  2.822973D+03 -1.905229D-01  2.822973D+03  1.437872D+04
    0.16667     0.00000  3.764359D+03 -1.721775D-03  3.764359D+03  1.424149D+04
    0.20833     0.00000  4.705467D+03 -1.379777D-01  4.705467D+03  1.406503D+04
    0.25000     0.00000  5.646430D+03 -2.251968D-01  5.646430D+03  1.384936D+04
    0.29167     0.00000  6.587311D+03 -4.569223D-01  6.587311D+03  1.359449D+04
    0.33333     0.00000  7.527180D+03 -1.370398D+00  7.527180D+03  1.330039D+04
    0.37500     0.00000  8.467271D+03  2.297712D+00  8.467271D+03  1.296729D+04
    0.41667     0.00000  9.586820D+03 -5.892402D+01  9.587001D+03  1.258617D+04
    0.45833     0.00000  1.077774D+04 -4.579512D+02  1.078746D+04  1.217368D+04
    0.50000     0.00000  1.065702D+04 -4.703567D+01  1.065712D+04  1.173070D+04
    0.53977     0.00000  1.047222D+04  4.487843D+02  1.048183D+04  1.131351D+04
    0.57955     0.00000  1.023781D+04  0.000000D+00  1.023781D+04  1.090616D+04
    0.61932     0.00000  9.170819D+03  0.000000D+00  9.170819D+03  1.052492D+04
    0.65909     0.00000  8.610718D+03  0.000000D+00  8.610718D+03  1.017360D+04
    0.69886     0.00000  8.114856D+03  0.000000D+00  8.114856D+03  9.842906D+03
    0.73864     0.00000  7.673339D+03  0.000000D+00  7.673339D+03  9.530551D+03
    0.77841     0.00000  7.277693D+03  0.000000D+00  7.277693D+03  9.234601D+03
    0.81818     0.00000  6.921075D+03  0.000000D+00  6.921075D+03  8.953415D+03
    0.85795     0.00000  6.597937D+03  0.000000D+00  6.597937D+03  8.685587D+03
    0.89773     0.00000  6.303746D+03  0.000000D+00  6.303746D+03  8.429904D+03
    0.93750     0.00000  6.034756D+03  0.000000D+00  6.034756D+03  8.185311D+03
    0.97727     0.00000  5.787849D+03  0.000000D+00  5.787849D+03  7.950885D+03
    1.01705     0.00000  5.560403D+03  0.000000D+00  5.560403D+03  7.725814D+03
    1.05682     0.00000  5.350196D+03  0.000000D+00  5.350196D+03  7.509380D+03
    1.09659     0.00000  5.155337D+03  0.000000D+00  5.155337D+03  7.300945D+03
    1.13636     0.00000  4.974198D+03  0.000000D+00  4.974198D+03  7.099937D+03
    1.17614     0.00000  4.805379D+03  0.000000D+00  4.805379D+03  6.905846D+03
    1.21591     0.00000  4.647660D+03  0.000000D+00  4.647660D+03  6.718211D+03
    1.25568     0.00000  4.499981D+03  0.000000D+00  4.499981D+03  6.536616D+03
    1.29545     0.00000  4.361411D+03  0.000000D+00  4.361411D+03  6.360686D+03
    1.33523     0.00000  4.231132D+03  0.000000D+00  4.231132D+03  6.190076D+03
    1.37500     0.00000  4.108419D+03  0.000000D+00  4.108419D+03  6.024475D+03
    1.41477     0.00000  3.992632D+03  0.000000D+00  3.992632D+03  5.863597D+03
    1.45455     0.00000  3.883199D+03  0.000000D+00  3.883199D+03  5.707180D+03
    1.49432     0.00000  3.779612D+03  0.000000D+00  3.779612D+03  5.554982D+03
    1.53409     0.00000  3.681413D+03  0.000000D+00  3.681413D+03  5.406784D+03
    1.57386     0.00000  3.588192D+03  0.000000D+00  3.588192D+03  5.262379D+03
    1.61364     0.00000  3.499580D+03  0.000000D+00  3.499580D+03  5.121578D+03
    1.65341     0.00000  3.415243D+03  0.000000D+00  3.415243D+03  4.984206D+03
    1.69318     0.00000  3.334878D+03  0.000000D+00  3.334878D+03  4.850099D+03
    1.73295     0.00000  3.258212D+03  0.000000D+00  3.258212D+03  4.719107D+03
    1.77273     0.00000  3.184994D+03  0.000000D+00  3.184994D+03  4.591088D+03
    1.81250     0.00000  3.114997D+03  0.000000D+00  3.114997D+03  4.465909D+03
    1.85227     0.00000  3.048012D+03  0.000000D+00  3.048012D+03  4.343447D+03
    1.89205     0.00000  2.983850D+03  0.000000D+00  2.983850D+03  4.223588D+03
    1.93182     0.00000  2.922335D+03  0.000000D+00  2.922335D+03  4.106222D+03
    1.97159     0.00000  2.863306D+03  0.000000D+00  2.863306D+03  3.991248D+03
    2.01136     0.00000  2.806617D+03  0.000000D+00  2.806617D+03  3.878570D+03
    2.05114     0.00000  2.752130D+03  0.000000D+00  2.752130D+03  3.768099D+03
    2.09091     0.00000  2.699719D+03  0.000000D+00  2.699719D+03  3.659750D+03
    2.13068     0.00000  2.649269D+03  0.000000D+00  2.649269D+03  3.553442D+03
    2.17045     0.00000  2.600670D+03  0.000000D+00  2.600670D+03  3.449101D+03
    2.21023     0.00000  2.553823D+03  0.000000D+00  2.553823D+03  3.346655D+03
    2.25000     0.00000  2.508635D+03  0.000000D+00  2.508635D+03  3.246035D+03
    2.28977     0.00000  2.465019D+03  0.000000D+00  2.465019D+03  3.147179D+03
    2.32955     0.00000  2.422894D+03  0.000000D+00  2.422894D+03  3.050026D+03
    2.36932     0.00000  2.382185D+03  0.000000D+00  2.382185D+03  2.954517D+03
    2.40909     0.00000  2.342823D+03  0.000000D+00  2.342823D+03  2.860598D+03
    2.44886     0.00000  2.304740D+03  0.000000D+00  2.304740D+03  2.768217D+03
    2.48864     0.00000  2.267877D+03  0.000000D+00  2.267877D+03  2.677325D+03
    2.52841     0.00000  2.232174D+03  0.000000D+00  2.232174D+03  2.587874D+03
    2.56818     0.00000  2.197579D+03  0.000000D+00  2.197579D+03  2.499818D+03
    2.60795     0.00000  2.164040D+03  0.000000D+00  2.164040D+03  2.413117D+03
    2.64773     0.00000  2.131509D+03  0.000000D+00  2.131509D+03  2.327727D+03
    2.68750     0.00000  2.099943D+03  0.000000D+00  2.099943D+03  2.243611D+03
    2.72727     0.00000  2.069298D+03  0.000000D+00  2.069298D+03  2.160731D+03
    2.76705     0.00000  2.039535D+03  0.000000D+00  2.039535D+03  2.079050D+03
    2.80682     0.00000  2.010616D+03  0.000000D+00  2.010616D+03  1.998535D+03
    2.84659     0.00000  1.982506D+03  0.000000D+00  1.982506D+03  1.919154D+03
    2.88636     0.00000  1.955172D+03  0.000000D+00  1.955172D+03  1.840873D+03
    2.92614     0.00000  1.928581D+03  0.000000D+00  1.928581D+03  1.763664D+03
    2.96591     0.00000  1.902704D+03  0.000000D+00  1.902704D+03  1.687498D+03
    3.00568     0.00000  1.877513D+03  0.000000D+00  1.877513D+03  1.612346D+03
    3.04545     0.00000  1.852980D+03  0.000000D+00  1.852980D+03  1.538182D+03
    3.08523     0.00000  1.829080D+03  0.000000D+00  1.829080D+03  1.464980D+03
    3.12500     0.00000  1.805788D+03  0.000000D+00  1.805788D+03  1.392716D+03
    3.16477     0.00000  1.783083D+03  0.000000D+00  1.783083D+03  1.321366D+03
    3.20455     0.00000  1.760942D+03  0.000000D+00  1.760942D+03  1.250907D+03
    3.24432     0.00000  1.739344D+03  0.000000D+00  1.739344D+03  1.181317D+03
    3.28409     0.00000  1.718269D+03  0.000000D+00  1.718269D+03  1.112575D+03
    3.32386     0.00000  1.697699D+03  0.000000D+00  1.697699D+03  1.044661D+03
    3.36364     0.00000  1.677616D+03  0.000000D+00  1.677616D+03  9.775542D+02
    3.40341     0.00000  1.658002D+03  0.000000D+00  1.658002D+03  9.112366D+02
    3.44318     0.00000  1.638842D+03  0.000000D+00  1.638842D+03  8.456895D+02
    3.48295     0.00000  1.620119D+03  0.000000D+00  1.620119D+03  7.808952D+02
    3.52273     0.00000  1.601820D+03  0.000000D+00  1.601820D+03  7.168368D+02
    3.56250     0.00000  1.583929D+03  0.000000D+00  1.583929D+03  6.534975D+02
    3.60227     0.00000  1.566433D+03  0.000000D+00  1.566433D+03  5.908615D+02
    3.64205     0.00000  1.549318D+03  0.000000D+00  1.549318D+03  5.289133D+02
    3.68182     0.00000  1.532574D+03  0.000000D+00  1.532574D+03  4.676381D+02
    3.72159     0.00000  1.516187D+03  0.000000D+00  1.516187D+03  4.070214D+02
    3.76136     0.00000  1.500147D+03  0.000000D+00  1.500147D+03  3.470493D+02
    3.80114     0.00000  1.484447D+03  0.000000D+00  1.484447D+03  2.877082D+02
    3.84091     0.00000  1.469084D+03  0.000000D+00  1.469084D+03  2.289851D+02
    3.88068     0.00000  1.454122D+03  0.000000D+00  1.454122D+03  1.708654D+02
    3.92045     0.00000  1.439342D+03  0.000000D+00  1.439342D+03  1.133392D+02
    3.96023     0.00000  1.424973D+03  0.000000D+00  1.424973D+03  5.639043D+01
    4.00000     0.00000  1.184485D+03  0.000000D+00  1.184485D+03  6.575050D+00
EndData
EndFile
