Center
Title
Electric field data from file PLATE.AM
SubTitle
Problem title line 1: Electrostatic Problem, Parallel Plates in a Pipe

MArkersize -0.3
Abscissa 1
Ordinate 3 4


Titles
X
Y
Ex
Ey
|E|
V 
EndTitles

AxisLabels
X (cm)
Y (cm)
Ex (V/cm)
Ey (V/cm)
E (V/cm)
V  (V)
EndLabels

CurveLabels
X
Y
Ex
Ey
E
V 
EndLabels

Data
;     X             Y              Ex            Ey            |E|           V 
;   (cm)          (cm)           (V/cm)        (V/cm)        (V/cm)         (V)  
   0.00000       1.40000     -2.581427E+02  0.000000E+00  2.581427E+02  0.000000E+00
  9.000000E-02   1.40000     -2.597093E+02  4.426664E+00  2.597471E+02  2.337384E+01
  0.180000       1.40000     -2.684090E+02  8.194821E+00  2.685341E+02  4.681918E+01
  0.270000       1.40000     -2.849076E+02  1.078925E+01  2.851118E+02  7.168004E+01
  0.360000       1.40000     -3.088913E+02  1.149010E+01  3.091049E+02  9.834156E+01
  0.450000       1.40000     -3.450022E+02  4.893245E+00  3.450369E+02  1.275557E+02
  0.540000       1.40000     -3.966719E+02 -6.644658E+00  3.967275E+02  1.601617E+02
  0.630000       1.40000     -4.499706E+02 -1.390427E+01  4.501854E+02  1.975444E+02
  0.720000       1.40000     -5.355261E+02 -4.562587E+01  5.374663E+02  2.413430E+02
  0.810000       1.40000     -6.569166E+02 -1.112289E+02  6.662667E+02  2.942229E+02
  0.900000       1.40000     -7.969744E+02 -2.315402E+02  8.299271E+02  3.599685E+02
  0.990000       1.40000     -6.968287E+02 -5.857628E+02  9.103232E+02  4.285548E+02
   1.08000       1.40000     -1.989932E+02 -7.976299E+02  8.220777E+02  4.678398E+02
   1.17000       1.40000     -4.841502E+01 -6.073146E+02  6.092414E+02  4.772257E+02
   1.26000       1.40000     -2.633173E+01 -5.334070E+02  5.340566E+02  4.799972E+02
   1.35000       1.40000     -1.693114E+01 -4.856749E+02  4.859699E+02  4.817872E+02
   1.44000       1.40000     -1.170817E+01 -4.531353E+02  4.532865E+02  4.830074E+02
   1.53000       1.40000     -8.359017E+00 -4.303943E+02  4.304755E+02  4.838602E+02
   1.62000       1.40000     -5.953241E+00 -4.137207E+02  4.137636E+02  4.844855E+02
   1.71000       1.40000     -4.428913E+00 -4.014949E+02  4.015193E+02  4.849439E+02
   1.80000       1.40000     -3.286683E+00 -3.924188E+02  3.924326E+02  4.852843E+02
   1.89000       1.40000     -2.412138E+00 -3.857228E+02  3.857303E+02  4.855354E+02
   1.98000       1.40000     -1.692632E+00 -3.809486E+02  3.809523E+02  4.857144E+02
   2.07000       1.40000     -1.033720E+00 -3.777274E+02  3.777288E+02  4.858352E+02
   2.16000       1.40000     -4.989778E-01 -3.758757E+02  3.758760E+02  4.859047E+02
   2.25000       1.40000      6.606011E-03 -3.752706E+02  3.752706E+02  4.859274E+02
   2.34000       1.40000      5.058457E-01 -3.758801E+02  3.758804E+02  4.859045E+02
   2.43000       1.40000      1.041426E+00 -3.777369E+02  3.777383E+02  4.858349E+02
   2.52000       1.40000      1.701394E+00 -3.809721E+02  3.809759E+02  4.857135E+02
   2.61000       1.40000      2.423666E+00 -3.857546E+02  3.857622E+02  4.855342E+02
   2.70000       1.40000      3.315233E+00 -3.924322E+02  3.924462E+02  4.852838E+02
   2.79000       1.40000      4.448189E+00 -4.015496E+02  4.015743E+02  4.849419E+02
   2.88000       1.40000      5.983678E+00 -4.137945E+02  4.138378E+02  4.844827E+02
   2.97000       1.40000      8.403456E+00 -4.305345E+02  4.306165E+02  4.838550E+02
   3.06000       1.40000      1.179298E+01 -4.533459E+02  4.534992E+02  4.829995E+02
   3.15000       1.40000      1.723751E+01 -4.855125E+02  4.858185E+02  4.817933E+02
   3.24000       1.40000      2.665379E+01 -5.340030E+02  5.346678E+02  4.799749E+02
   3.33000       1.40000      4.605119E+01 -6.091498E+02  6.108880E+02  4.771569E+02
   3.42000       1.40000      2.152944E+02 -7.833887E+02  8.124343E+02  4.673474E+02
   3.51000       1.40000      6.086212E+02 -7.966070E+02  1.002498E+03  4.292457E+02
   3.60000       1.40000      8.180797E+02 -2.712056E+02  8.618624E+02  3.597556E+02
   3.69000       1.40000      6.554114E+02 -1.152780E+02  6.654721E+02  2.940652E+02
   3.78000       1.40000      5.359688E+02 -4.478978E+01  5.378370E+02  2.413910E+02
   3.87000       1.40000      4.503995E+02 -1.351287E+01  4.506022E+02  1.975703E+02
   3.96000       1.40000      3.827706E+02 -2.410054E+00  3.827782E+02  1.602155E+02
   4.05000       1.40000      3.416429E+02  8.949292E+00  3.417601E+02  1.275347E+02
   4.14000       1.40000      3.085486E+02  1.163627E+01  3.087679E+02  9.833464E+01
   4.23000       1.40000      2.848884E+02  1.090647E+01  2.850970E+02  7.167389E+01
   4.32000       1.40000      2.686157E+02  8.281887E+00  2.687434E+02  4.681670E+01
   4.41000       1.40000      2.588596E+02  4.441952E+00  2.588977E+02  2.329737E+01
   4.50000       1.40000      2.574517E+02  1.318635E-13  2.574517E+02  6.859891E-13
EndData
EndFile
