Center
Title
Electric field data from file PLATE.AM
SubTitle
Problem title line 1: Electrostatic Problem, Parallel Plates in a Pipe

MArkersize -0.3
Abscissa 1
Ordinate 3 4


Titles
X
Y
Ex
Ey
|E|
V 
EndTitles

AxisLabels
X (cm)
Y (cm)
Ex (V/cm)
Ey (V/cm)
E (V/cm)
V  (V)
EndLabels

CurveLabels
X
Y
Ex
Ey
E
V 
EndLabels

Data
;     X             Y              Ex            Ey            |E|           V 
;   (cm)          (cm)           (V/cm)        (V/cm)        (V/cm)         (V)  
   0.00000       1.40000     -2.590571E+02  0.000000E+00  2.590571E+02  0.000000E+00
  9.000000E-02   1.40000     -2.594801E+02 -1.516450E+00  2.594846E+02  2.335321E+01
  0.180000       1.40000     -2.704152E+02  8.174422E+00  2.705387E+02  4.698438E+01
  0.270000       1.40000     -2.867770E+02  1.074609E+01  2.869783E+02  7.194213E+01
  0.360000       1.40000     -3.110821E+02  1.100441E+01  3.112767E+02  9.868963E+01
  0.450000       1.40000     -3.476754E+02  7.716330E+00  3.477610E+02  1.286480E+02
  0.540000       1.40000     -3.869293E+02  6.747797E+00  3.869881E+02  1.617144E+02
  0.630000       1.40000     -4.574553E+02 -1.007235E+01  4.575662E+02  1.996381E+02
  0.720000       1.40000     -5.412833E+02 -4.872977E+01  5.434723E+02  2.425374E+02
  0.810000       1.40000     -6.690323E+02 -1.230389E+02  6.802520E+02  2.959714E+02
  0.900000       1.40000     -7.948834E+02 -4.252872E+02  9.015037E+02  3.639489E+02
  0.990000       1.40000     -5.917612E+02 -9.959566E+02  1.158495E+03  4.359982E+02
   1.08000       1.40000     -2.016258E+02 -8.060090E+02  8.308450E+02  4.702000E+02
   1.17000       1.40000     -5.226856E+01 -6.204861E+02  6.226837E+02  4.765488E+02
   1.26000       1.40000     -2.849042E+01 -5.374845E+02  5.382391E+02  4.797803E+02
   1.35000       1.40000     -1.763877E+01 -4.873627E+02  4.876818E+02  4.816870E+02
   1.44000       1.40000     -1.186407E+01 -4.541296E+02  4.542846E+02  4.829472E+02
   1.53000       1.40000     -8.369462E+00 -4.307979E+02  4.308792E+02  4.838284E+02
   1.62000       1.40000     -6.090677E+00 -4.140287E+02  4.140735E+02  4.844626E+02
   1.71000       1.40000     -4.509787E+00 -4.016625E+02  4.016878E+02  4.849301E+02
   1.80000       1.40000     -3.327613E+00 -3.925068E+02  3.925209E+02  4.852752E+02
   1.89000       1.40000     -2.415443E+00 -3.857748E+02  3.857823E+02  4.855288E+02
   1.98000       1.40000     -1.680844E+00 -3.809462E+02  3.809499E+02  4.857104E+02
   2.07000       1.40000     -1.064676E+00 -3.777125E+02  3.777140E+02  4.858322E+02
   2.16000       1.40000     -5.190783E-01 -3.758486E+02  3.758490E+02  4.859026E+02
   2.25000       1.40000     -3.055366E-03 -3.753883E+02  3.753883E+02  4.859261E+02
   2.34000       1.40000      5.125764E-01 -3.758332E+02  3.758336E+02  4.859032E+02
   2.43000       1.40000      1.057737E+00 -3.776809E+02  3.776823E+02  4.858334E+02
   2.52000       1.40000      1.672590E+00 -3.808962E+02  3.808999E+02  4.857123E+02
   2.61000       1.40000      2.406007E+00 -3.857026E+02  3.857101E+02  4.855315E+02
   2.70000       1.40000      3.314897E+00 -3.924066E+02  3.924206E+02  4.852789E+02
   2.79000       1.40000      4.491341E+00 -4.015257E+02  4.015508E+02  4.849352E+02
   2.88000       1.40000      6.066975E+00 -4.138407E+02  4.138852E+02  4.844696E+02
   2.97000       1.40000      8.330269E+00 -4.305324E+02  4.306130E+02  4.838383E+02
   3.06000       1.40000      1.181009E+01 -4.537389E+02  4.538926E+02  4.829617E+02
   3.15000       1.40000      1.751984E+01 -4.867328E+02  4.870480E+02  4.817103E+02
   3.24000       1.40000      2.812021E+01 -5.363277E+02  5.370644E+02  4.798234E+02
   3.33000       1.40000      5.065519E+01 -6.178467E+02  6.199197E+02  4.766483E+02
   3.42000       1.40000      2.008049E+02 -8.192231E+02  8.434745E+02  4.710204E+02
   3.51000       1.40000      5.974156E+02 -9.500428E+02  1.122269E+03  4.369727E+02
   3.60000       1.40000      7.896447E+02 -3.353308E+02  8.578960E+02  3.643230E+02
   3.69000       1.40000      6.718219E+02 -1.252284E+02  6.833936E+02  2.965392E+02
   3.78000       1.40000      5.426317E+02 -4.956043E+01  5.448902E+02  2.430288E+02
   3.87000       1.40000      4.610092E+02 -2.038067E+01  4.614595E+02  2.000209E+02
   3.96000       1.40000      3.895273E+02  2.389589E-01  3.895274E+02  1.620309E+02
   4.05000       1.40000      3.393906E+02  8.726527E+00  3.395028E+02  1.288572E+02
   4.14000       1.40000      3.117941E+02  1.087625E+01  3.119837E+02  9.886287E+01
   4.23000       1.40000      2.873404E+02  1.073312E+01  2.875408E+02  7.204638E+01
   4.32000       1.40000      2.708731E+02  8.177876E+00  2.709966E+02  4.706647E+01
   4.41000       1.40000      2.602992E+02  4.383194E+00  2.603361E+02  2.342693E+01
   4.50000       1.40000      2.588564E+02  1.218046E-13  2.588564E+02  6.897319E-13
EndData
EndFile
