Center
Title
Electric field from Poisson run on file 3EPSILON.AM
SubTitle
Problem title line 1: Parallel Plate Capacitor with two dielectric regions

MArkersize -0.7
Abscissa  1
Ordinate 3 4

Titles
X
Y
Ex
Ey
|E|
V 
EndTitles

AxisLabels
X (cm)
Y (cm)
Ex (V/cm)
Ey (V/cm)
E (V/cm)
V  (V)
EndLabels

CurveLabels
X
Y
Ex
Ey
E
V 
EndLabels

Data
;      X         Y          Ex            Ey            |E|           V                                           
;    (cm)      (cm)       (V/cm)        (V/cm)        (V/cm)         (V)    
    0.00000     0.00000  0.000000D+00 -2.021805D+02  2.021805D+02  0.000000D+00
    0.20000     0.00000  0.000000D+00 -2.020937D+02  2.020937D+02  0.000000D+00
    0.40000     0.00000  0.000000D+00 -2.019137D+02  2.019137D+02  0.000000D+00
    0.60000     0.00000  0.000000D+00 -2.017524D+02  2.017524D+02  0.000000D+00
    0.80000     0.00000  0.000000D+00 -2.013997D+02  2.013997D+02  0.000000D+00
    1.00000     0.00000  0.000000D+00 -2.008971D+02  2.008971D+02  0.000000D+00
    1.20000     0.00000  0.000000D+00 -2.002185D+02  2.002185D+02  0.000000D+00
    1.40000     0.00000  0.000000D+00 -1.993423D+02  1.993423D+02  0.000000D+00
    1.60000     0.00000  0.000000D+00 -1.982545D+02  1.982545D+02  0.000000D+00
    1.80000     0.00000  0.000000D+00 -1.969509D+02  1.969509D+02  0.000000D+00
    2.00000     0.00000  0.000000D+00 -1.954377D+02  1.954377D+02  0.000000D+00
    2.20000     0.00000  0.000000D+00 -1.937317D+02  1.937317D+02  0.000000D+00
    2.40000     0.00000  0.000000D+00 -1.918583D+02  1.918583D+02  0.000000D+00
    2.60000     0.00000  0.000000D+00 -1.898475D+02  1.898475D+02  0.000000D+00
    2.80000     0.00000  0.000000D+00 -1.877316D+02  1.877316D+02  0.000000D+00
    3.00000     0.00000  0.000000D+00 -1.855433D+02  1.855433D+02  0.000000D+00
    3.20000     0.00000  0.000000D+00 -1.833128D+02  1.833128D+02  0.000000D+00
    3.40000     0.00000  0.000000D+00 -1.810661D+02  1.810661D+02  0.000000D+00
    3.60000     0.00000  0.000000D+00 -1.788247D+02  1.788247D+02  0.000000D+00
    3.80000     0.00000  0.000000D+00 -1.766055D+02  1.766055D+02  0.000000D+00
    4.00000     0.00000  0.000000D+00 -1.744225D+02  1.744225D+02  0.000000D+00
    4.20000     0.00000  0.000000D+00 -1.722866D+02  1.722866D+02  0.000000D+00
    4.40000     0.00000  0.000000D+00 -1.702067D+02  1.702067D+02  0.000000D+00
    4.60000     0.00000  0.000000D+00 -1.681906D+02  1.681906D+02  0.000000D+00
    4.80000     0.00000  0.000000D+00 -1.662461D+02  1.662461D+02  0.000000D+00
    5.00000     0.00000  0.000000D+00 -1.643807D+02  1.643807D+02  0.000000D+00
    5.19231     0.00000  0.000000D+00 -1.626687D+02  1.626687D+02  0.000000D+00
    5.38462     0.00000  0.000000D+00 -1.610451D+02  1.610451D+02  0.000000D+00
    5.57692     0.00000  0.000000D+00 -1.595183D+02  1.595183D+02  0.000000D+00
    5.76923     0.00000  0.000000D+00 -1.580974D+02  1.580974D+02  0.000000D+00
    5.96154     0.00000  0.000000D+00 -1.567916D+02  1.567916D+02  0.000000D+00
    6.15385     0.00000  0.000000D+00 -1.556108D+02  1.556108D+02  0.000000D+00
    6.34615     0.00000  0.000000D+00 -1.545641D+02  1.545641D+02  0.000000D+00
    6.53846     0.00000  0.000000D+00 -1.536607D+02  1.536607D+02  0.000000D+00
    6.73077     0.00000  0.000000D+00 -1.529089D+02  1.529089D+02  0.000000D+00
    6.92308     0.00000  0.000000D+00 -1.524049D+02  1.524049D+02  0.000000D+00
    7.11538     0.00000  0.000000D+00 -1.519615D+02  1.519615D+02  0.000000D+00
    7.30769     0.00000  0.000000D+00 -1.515988D+02  1.515988D+02  0.000000D+00
    7.50000     0.00000  0.000000D+00 -1.515653D+02  1.515653D+02  0.000000D+00
EndData
EndFile
