      1     1    0.00000000        0.00000000      0  0  0  region
      1     1    0.00000000        0.00000000    
      1     2    0.00000000       0.200000000    
      1     3    0.00000000       0.400000000    
      1     4    0.00000000       0.600000000    
      1     5    0.00000000       0.800000000    
      1     6    0.00000000        1.00000000    
      1     7    0.00000000        1.20000000    
      1     8    0.00000000        1.40000000    
      1     9    0.00000000        1.60000000    
      1    10    0.00000000        1.80000000    
      1    11    0.00000000        2.00000000    
      1    12    0.00000000        2.20000000    
      1    13    0.00000000        2.40000000    
      1    14    0.00000000        2.60000000    
      1    15    0.00000000        2.80000000    
      1    16    0.00000000        3.00000000    
      1    17    0.00000000        3.20000000    
      1    18    0.00000000        3.40000000    
      1    19    0.00000000        3.60000000    
      1    20    0.00000000        3.80000000    
      1    21    0.00000000        4.00000000    
      1    22    0.00000000        4.20000000    
      1    23    0.00000000        4.40000000    
      1    24    0.00000000        4.60000000    
      1    25    0.00000000        4.80000000    
      1    26    0.00000000        5.00000000    
      1    27    0.00000000        5.19230769    
      1    28    0.00000000        5.38461538    
      1    29    0.00000000        5.57692308    
      1    30    0.00000000        5.76923077    
      1    31    0.00000000        5.96153846    
      1    32    0.00000000        6.15384615    
      1    33    0.00000000        6.34615385    
      1    34    0.00000000        6.53846154    
      1    35    0.00000000        6.73076923    
      1    36    0.00000000        6.92307692    
      1    37    0.00000000        7.11538462    
      1    38    0.00000000        7.30769231    
      1    39    0.00000000        7.50000000    
      2    39   0.200000000        7.50000000    
      3    39   0.400000000        7.50000000    
      4    39   0.600000000        7.50000000    
      5    39   0.800000000        7.50000000    
      6    39    1.00000000        7.50000000    
      7    39    1.20000000        7.50000000    
      8    39    1.40000000        7.50000000    
      9    39    1.60000000        7.50000000    
     10    39    1.80000000        7.50000000    
     11    39    2.00000000        7.50000000    
     12    39    2.20000000        7.50000000    
     13    39    2.40000000        7.50000000    
     14    39    2.60000000        7.50000000    
     15    39    2.80000000        7.50000000    
     16    39    3.00000000        7.50000000    
     17    39    3.20000000        7.50000000    
     18    39    3.40000000        7.50000000    
     19    39    3.60000000        7.50000000    
     20    39    3.80000000        7.50000000    
     21    39    4.00000000        7.50000000    
     22    39    4.20000000        7.50000000    
     23    39    4.40000000        7.50000000    
     24    39    4.60000000        7.50000000    
     25    39    4.80000000        7.50000000    
     26    39    5.00000000        7.50000000    
     27    39    5.20000000        7.50000000    
     28    39    5.40000000        7.50000000    
     29    39    5.60000000        7.50000000    
     30    39    5.80000000        7.50000000    
     31    39    6.00000000        7.50000000    
     32    39    6.20000000        7.50000000    
     33    39    6.40000000        7.50000000    
     34    39    6.60000000        7.50000000    
     35    39    6.80000000        7.50000000    
     36    39    7.00000000        7.50000000    
     37    39    7.20000000        7.50000000    
     38    39    7.40000000        7.50000000    
     39    39    7.60000000        7.50000000    
     40    39    7.80000000        7.50000000    
     41    39    8.00000000        7.50000000    
     42    39    8.20000000        7.50000000    
     43    39    8.40000000        7.50000000    
     44    39    8.60000000        7.50000000    
     45    39    8.80000000        7.50000000    
     46    39    9.00000000        7.50000000    
     47    39    9.20000000        7.50000000    
     48    39    9.40000000        7.50000000    
     49    39    9.60000000        7.50000000    
     50    39    9.80000000        7.50000000    
     51    39    10.0000000        7.50000000    
     51    38    10.0000000        7.30263158    
     51    37    10.0000000        7.10526316    
     51    36    10.0000000        6.90789474    
     51    35    10.0000000        6.71052632    
     51    34    10.0000000        6.51315789    
     51    33    10.0000000        6.31578947    
     51    32    10.0000000        6.11842105    
     51    31    10.0000000        5.92105263    
     51    30    10.0000000        5.72368421    
     51    29    10.0000000        5.52631579    
     51    28    10.0000000        5.32894737    
     51    27    10.0000000        5.13157895    
     51    26    10.0000000        4.93421053    
     51    25    10.0000000        4.73684211    
     51    24    10.0000000        4.53947368    
     51    23    10.0000000        4.34210526    
     51    22    10.0000000        4.14473684    
     51    21    10.0000000        3.94736842    
     51    20    10.0000000        3.75000000    
     51    19    10.0000000        3.55263158    
     51    18    10.0000000        3.35526316    
     51    17    10.0000000        3.15789474    
     51    16    10.0000000        2.96052632    
     51    15    10.0000000        2.76315789    
     51    14    10.0000000        2.56578947    
     51    13    10.0000000        2.36842105    
     51    12    10.0000000        2.17105263    
     51    11    10.0000000        1.97368421    
     51    10    10.0000000        1.77631579    
     51     9    10.0000000        1.57894737    
     51     8    10.0000000        1.38157895    
     51     7    10.0000000        1.18421053    
     51     6    10.0000000       0.986842105    
     51     5    10.0000000       0.789473684    
     51     4    10.0000000       0.592105263    
     51     3    10.0000000       0.394736842    
     51     2    10.0000000       0.197368421    
     51     1    10.0000000        0.00000000    
     50     1    9.80000000        0.00000000    
     49     1    9.60000000        0.00000000    
     48     1    9.40000000        0.00000000    
     47     1    9.20000000        0.00000000    
     46     1    9.00000000        0.00000000    
     45     1    8.80000000        0.00000000    
     44     1    8.60000000        0.00000000    
     43     1    8.40000000        0.00000000    
     42     1    8.20000000        0.00000000    
     41     1    8.00000000        0.00000000    
     40     1    7.80000000        0.00000000    
     39     1    7.60000000        0.00000000    
     38     1    7.40000000        0.00000000    
     37     1    7.20000000        0.00000000    
     36     1    7.00000000        0.00000000    
     35     1    6.80000000        0.00000000    
     34     1    6.60000000        0.00000000    
     33     1    6.40000000        0.00000000    
     32     1    6.20000000        0.00000000    
     31     1    6.00000000        0.00000000    
     30     1    5.80000000        0.00000000    
     29     1    5.60000000        0.00000000    
     28     1    5.40000000        0.00000000    
     27     1    5.20000000        0.00000000    
     26     1    5.00000000        0.00000000    
     25     1    4.80000000        0.00000000    
     24     1    4.60000000        0.00000000    
     23     1    4.40000000        0.00000000    
     22     1    4.20000000        0.00000000    
     21     1    4.00000000        0.00000000    
     20     1    3.80000000        0.00000000    
     19     1    3.60000000        0.00000000    
     18     1    3.40000000        0.00000000    
     17     1    3.20000000        0.00000000    
     16     1    3.00000000        0.00000000    
     15     1    2.80000000        0.00000000    
     14     1    2.60000000        0.00000000    
     13     1    2.40000000        0.00000000    
     12     1    2.20000000        0.00000000    
     11     1    2.00000000        0.00000000    
     10     1    1.80000000        0.00000000    
      9     1    1.60000000        0.00000000    
      8     1    1.40000000        0.00000000    
      7     1    1.20000000        0.00000000    
      6     1    1.00000000        0.00000000    
      5     1   0.800000000        0.00000000    
      4     1   0.600000000        0.00000000    
      3     1   0.400000000        0.00000000    
      2     1   0.200000000        0.00000000    
      1     1    0.00000000        0.00000000      count

      2     3    0.00000000        0.00000000      0  1  0  region
     14     6    2.50000000        1.00000000    
     14     7    2.50000000        1.20000000    
     14     8    2.50000000        1.40000000    
     14     9    2.50000000        1.60000000    
     14    10    2.50000000        1.80000000    
     14    11    2.50000000        2.00000000    
     15    11    2.75000000        2.00000000    
     16    11    3.00000000        2.00000000    
     17    11    3.25000000        2.00000000    
     18    11    3.50000000        2.00000000    
     18    10    3.50000000        1.80000000    
     18     9    3.50000000        1.60000000    
     18     8    3.50000000        1.40000000    
     18     7    3.50000000        1.20000000    
     18     6    3.50000000        1.00000000    
     17     6    3.25000000        1.00000000    
     16     6    3.00000000        1.00000000    
     15     6    2.75000000        1.00000000    
     14     6    2.50000000        1.00000000      count

      3     4    0.00000000        0.00000000      0  1  0  region
      9    16    1.50000000        3.00000000    
      9    17    1.50000000        3.20000000    
      9    18    1.50000000        3.40000000    
      9    19    1.50000000        3.60000000    
      9    20    1.50000000        3.80000000    
      9    21    1.50000000        4.00000000    
     10    21    1.72222222        4.00000000    
     11    21    1.94444444        4.00000000    
     12    21    2.16666667        4.00000000    
     13    21    2.38888889        4.00000000    
     14    21    2.61111111        4.00000000    
     15    21    2.83333333        4.00000000    
     16    21    3.05555556        4.00000000    
     17    21    3.27777778        4.00000000    
     18    21    3.50000000        4.00000000    
     18    20    3.50000000        3.80000000    
     18    19    3.50000000        3.60000000    
     18    18    3.50000000        3.40000000    
     18    17    3.50000000        3.20000000    
     18    16    3.50000000        3.00000000    
     17    16    3.27777778        3.00000000    
     16    16    3.05555556        3.00000000    
     15    16    2.83333333        3.00000000    
     14    16    2.61111111        3.00000000    
     13    16    2.38888889        3.00000000    
     12    16    2.16666667        3.00000000    
     11    16    1.94444444        3.00000000    
     10    16    1.72222222        3.00000000    
      9    16    1.50000000        3.00000000      count

      4     1    100000.000        0.00000000      0 -1  0  region
      1    26    0.00000000        5.00000000    
      2    26   0.181818182        5.03030303    
      3    26   0.363636364        5.06060606    
      4    26   0.545454545        5.09090909    
      4    27   0.727272727        5.12121212    
      5    27   0.909090909        5.15151515    
      6    27    1.09090909        5.18181818    
      7    27    1.27272727        5.21212121    
      8    27    1.45454545        5.24242424    
      9    27    1.63636364        5.27272727    
     10    28    1.81818182        5.30303030    
     11    28    2.00000000        5.33333333    
     12    28    2.18181818        5.36363636    
     13    28    2.36363636        5.39393939    
     14    28    2.54545455        5.42424242    
     15    28    2.72727273        5.45454545    
     16    28    2.90909091        5.48484848    
     16    29    3.09090909        5.51515152    
     17    29    3.27272727        5.54545455    
     18    29    3.45454545        5.57575758    
     19    29    3.63636364        5.60606061    
     20    29    3.81818182        5.63636364    
     21    29    4.00000000        5.66666667    
     22    29    4.18181818        5.69696970    
     23    30    4.36363636        5.72727273    
     24    30    4.54545455        5.75757576    
     25    30    4.72727273        5.78787879    
     26    30    4.90909091        5.81818182    
     27    30    5.09090909        5.84848485    
     28    30    5.27272727        5.87878788    
     28    31    5.45454545        5.90909091    
     29    31    5.63636364        5.93939394    
     30    31    5.81818182        5.96969697    
     31    31    6.00000000        6.00000000      count

      5     1    30000.0000        0.00000000      0 -1  0  region
      1     6    0.00000000        1.00000000    
      2     6   0.200000000        1.00000000    
      3     6   0.400000000        1.00000000    
      4     6   0.600000000        1.00000000    
      5     6   0.800000000        1.00000000    
      6     6    1.00000000        1.00000000    
      7     6    1.20000000        1.00000000    
      8     6    1.40000000        1.00000000    
      9     6    1.60000000        1.00000000    
     10     6    1.80000000        1.00000000    
     11     6    2.00000000        1.00000000    
     11     5    2.12500000       0.875000000    
     12     5    2.25000000       0.750000000    
     13     4    2.37500000       0.625000000    
     13     3    2.50000000       0.500000000    
     14     3    2.62500000       0.375000000    
     15     2    2.75000000       0.250000000    
     16     2    2.87500000       0.125000000    
     16     1    3.00000000        0.00000000      count

 9999999      18 c
      1     1     1     6
      1     6     1    26
      1    26     1    39
      1    39    51    39
     51    39    51     1
     51     1    16     1
     16     1     1     1
     14     6    14    11
     14    11    18    11
     18    11    18     6
     18     6    14     6
      9    16     9    21
      9    21    18    21
     18    21    18    16
     18    16     9    16
      1    26    31    31
      1     6    11     6
     11     6    16     1
