Center
Title
Electric field from Poisson run on file ESQUAD8.AM
SubTitle
Problem title line 1: Simple Electrostatic Quadrupole Lens (1/8th geometry)

MArkersize -0.7
Abscissa  1
Ordinate 3 4

Titles
X
Y
Ex
Ey
|E|
V 
EndTitles

AxisLabels
X (cm)
Y (cm)
Ex (V/cm)
Ey (V/cm)
E (V/cm)
V  (V)
EndLabels

CurveLabels
X
Y
Ex
Ey
E
V 
EndLabels

Data
;      X         Y          Ex            Ey            |E|           V                                           
;    (cm)      (cm)       (V/cm)        (V/cm)        (V/cm)         (V)    
    0.00000     0.00000 -1.830418D+01  0.000000D+00  1.830418D+01  4.617331D-01
    0.05000     0.00000 -1.992436D+03  0.000000D+00  1.992436D+03  5.079540D+01
    0.10000     0.00000 -3.992534D+03  0.000000D+00  3.992534D+03  2.010699D+02
    0.15000     0.00000 -6.011792D+03  0.000000D+00  6.011792D+03  4.513077D+02
    0.20000     0.00000 -8.032106D+03  0.000000D+00  8.032106D+03  8.019941D+02
    0.25000     0.00000 -1.004465D+04  0.000000D+00  1.004465D+04  1.253379D+03
    0.30000     0.00000 -1.204372D+04  0.000000D+00  1.204372D+04  1.805318D+03
    0.35000     0.00000 -1.404594D+04  0.000000D+00  1.404594D+04  2.457572D+03
    0.40000     0.00000 -1.605151D+04  0.000000D+00  1.605151D+04  3.210040D+03
    0.45000     0.00000 -1.805752D+04  0.000000D+00  1.805752D+04  4.062787D+03
    0.50000     0.00000 -2.006269D+04  0.000000D+00  2.006269D+04  5.015806D+03
    0.55000     0.00000 -2.206641D+04  0.000000D+00  2.206641D+04  6.069061D+03
    0.60000     0.00000 -2.406798D+04  0.000000D+00  2.406798D+04  7.222484D+03
    0.65000     0.00000 -2.606583D+04  0.000000D+00  2.606583D+04  8.475957D+03
    0.70000     0.00000 -2.805732D+04  0.000000D+00  2.805732D+04  9.829275D+03
    0.75000     0.00000 -3.003773D+04  0.000000D+00  3.003773D+04  1.128208D+04
    0.80000     0.00000 -3.199883D+04  0.000000D+00  3.199883D+04  1.283376D+04
    0.85000     0.00000 -3.393033D+04  0.000000D+00  3.393033D+04  1.448341D+04
    0.90000     0.00000 -3.583752D+04  0.000000D+00  3.583752D+04  1.622956D+04
    0.95000     0.00000 -3.769853D+04  0.000000D+00  3.769853D+04  1.807038D+04
    1.00000     0.00000 -3.943123D+04  0.000000D+00  3.943123D+04  2.000098D+04
    3.30000     0.00000  3.538134D+04  0.000000D+00  3.538134D+04  2.000179D+04
    3.35000     0.00000  3.384181D+04  0.000000D+00  3.384181D+04  1.827574D+04
    3.40000     0.00000  3.258864D+04  0.000000D+00  3.258864D+04  1.662052D+04
    3.45000     0.00000  3.146220D+04  0.000000D+00  3.146220D+04  1.502436D+04
    3.50000     0.00000  3.044773D+04  0.000000D+00  3.044773D+04  1.348123D+04
    3.55000     0.00000  2.953849D+04  0.000000D+00  2.953849D+04  1.198570D+04
    3.60000     0.00000  2.872400D+04  0.000000D+00  2.872400D+04  1.053282D+04
    3.65000     0.00000  2.799393D+04  0.000000D+00  2.799393D+04  9.118177D+03
    3.70000     0.00000  2.733937D+04  0.000000D+00  2.733937D+04  7.737843D+03
    3.75000     0.00000  2.675286D+04  0.000000D+00  2.675286D+04  6.388292D+03
    3.80000     0.00000  2.622843D+04  0.000000D+00  2.622843D+04  5.066349D+03
    3.85000     0.00000  2.576125D+04  0.000000D+00  2.576125D+04  3.769152D+03
    3.90000     0.00000  2.533055D+04  0.000000D+00  2.533055D+04  2.494013D+03
    3.95000     0.00000  2.496929D+04  0.000000D+00  2.496929D+04  1.238639D+03
    4.00000     0.00000  2.466299D+04  0.000000D+00  2.466299D+04 -9.232037D-01
EndData
EndFile
