Center
Title
Magnetic field from Poisson run on file VECP.AM
SubTitle
Problem title line 1: Vector potential problem

MArkersize -0.7
Abscissa  1
Ordinate 3 4

Titles
X
Y
Bx
By
|B|
Az
dBy/dy
dBy/dx
dBx/dy
EndTitles

AxisLabels
X (cm)
Y (cm)
Bx (G)
By (G)
B (G)
Az (G-cm)
dBy/dy
dBy/dx
dBx/dy
EndLabels

CurveLabels
X
Y
Bx
By
B
Az
dBy/dy
dBy/dx
dBx/dy
EndLabels

Data
;      X         Y          Bx            By            |B|           Az              dBy/dy     dBy/dx     dBx/dy
;    (cm)      (cm)         (G)           (G)           (G)         (G-cm)  
    0.00000     0.00000  3.564206D-02  0.000000D+00  3.564206D-02  1.000000D+01  0.000000D+00  0.000000D+00  0.000000D+00
    5.00571     0.00000  3.565476D-02  0.000000D+00  3.565476D-02  1.000000D+01 -2.284175D-06  0.000000D+00  0.000000D+00
   10.01143     0.00000  3.567208D-02  0.000000D+00  3.567208D-02  1.000000D+01 -4.453356D-06  0.000000D+00  0.000000D+00
   15.01714     0.00000  3.568954D-02  0.000000D+00  3.568954D-02  1.000000D+01 -5.620746D-06  0.000000D+00  0.000000D+00
   20.02286     0.00000  3.572248D-02  0.000000D+00  3.572248D-02  1.000000D+01 -7.575637D-06  0.000000D+00  0.000000D+00
   25.02857     0.00000  3.576527D-02  0.000000D+00  3.576527D-02  1.000000D+01 -9.583631D-06  0.000000D+00  0.000000D+00
   30.03429     0.00000  3.581820D-02  0.000000D+00  3.581820D-02  1.000000D+01 -1.166005D-05  0.000000D+00  0.000000D+00
   35.04000     0.00000  3.588167D-02  0.000000D+00  3.588167D-02  1.000000D+01 -1.381954D-05  0.000000D+00  0.000000D+00
   40.04571     0.00000  3.595613D-02  0.000000D+00  3.595613D-02  1.000000D+01 -1.607641D-05  0.000000D+00  0.000000D+00
   45.05143     0.00000  3.604210D-02  0.000000D+00  3.604210D-02  1.000000D+01 -1.844480D-05  0.000000D+00  0.000000D+00
   50.05714     0.00000  3.614019D-02  0.000000D+00  3.614019D-02  1.000000D+01 -2.093871D-05  0.000000D+00  0.000000D+00
   55.06286     0.00000  3.625106D-02  0.000000D+00  3.625106D-02  1.000000D+01 -2.357193D-05  0.000000D+00  0.000000D+00
   60.06857     0.00000  3.637544D-02  0.000000D+00  3.637544D-02  1.000000D+01 -2.635800D-05  0.000000D+00  0.000000D+00
   65.07429     0.00000  3.651414D-02  0.000000D+00  3.651414D-02  1.000000D+01 -2.931009D-05  0.000000D+00  0.000000D+00
   70.08000     0.00000  3.666801D-02  0.000000D+00  3.666801D-02  1.000000D+01 -3.244088D-05  0.000000D+00  0.000000D+00
   75.08571     0.00000  3.683800D-02  0.000000D+00  3.683800D-02  1.000000D+01 -3.576242D-05  0.000000D+00  0.000000D+00
   80.09143     0.00000  3.702509D-02  0.000000D+00  3.702509D-02  1.000000D+01 -3.928590D-05  0.000000D+00  0.000000D+00
   85.09714     0.00000  3.723033D-02  0.000000D+00  3.723033D-02  1.000000D+01 -4.302146D-05  0.000000D+00  0.000000D+00
   90.10286     0.00000  3.745480D-02  0.000000D+00  3.745480D-02  1.000000D+01 -4.697794D-05  0.000000D+00  0.000000D+00
   95.10857     0.00000  3.769964D-02  0.000000D+00  3.769964D-02  1.000000D+01 -5.116257D-05  0.000000D+00  0.000000D+00
  100.11429     0.00000  3.796602D-02  0.000000D+00  3.796602D-02  1.000000D+01 -5.558067D-05  0.000000D+00  0.000000D+00
  105.12000     0.00000  3.825514D-02  0.000000D+00  3.825514D-02  1.000000D+01 -6.023534D-05  0.000000D+00  0.000000D+00
  110.12571     0.00000  3.856818D-02  0.000000D+00  3.856818D-02  1.000000D+01 -6.512711D-05  0.000000D+00  0.000000D+00
  115.13143     0.00000  3.890635D-02  0.000000D+00  3.890635D-02  1.000000D+01 -7.025358D-05  0.000000D+00  0.000000D+00
  120.13714     0.00000  3.927084D-02  0.000000D+00  3.927084D-02  1.000000D+01 -7.560911D-05  0.000000D+00  0.000000D+00
  125.14286     0.00000  3.966279D-02  0.000000D+00  3.966279D-02  1.000000D+01 -8.118453D-05  0.000000D+00  0.000000D+00
  130.14857     0.00000  4.008329D-02  0.000000D+00  4.008329D-02  1.000000D+01 -8.696688D-05  0.000000D+00  0.000000D+00
  135.15429     0.00000  4.053337D-02  0.000000D+00  4.053337D-02  1.000000D+01 -9.293923D-05  0.000000D+00  0.000000D+00
  140.16000     0.00000  4.101395D-02  0.000000D+00  4.101395D-02  1.000000D+01 -9.908059D-05  0.000000D+00  0.000000D+00
  145.16571     0.00000  4.152586D-02  0.000000D+00  4.152586D-02  1.000000D+01 -1.053658D-04  0.000000D+00  0.000000D+00
  150.17143     0.00000  4.206976D-02  0.000000D+00  4.206976D-02  1.000000D+01 -1.117644D-04  0.000000D+00  0.000000D+00
  155.17714     0.00000  4.264618D-02  0.000000D+00  4.264618D-02  1.000000D+01 -1.182329D-04  0.000000D+00  0.000000D+00
  160.18286     0.00000  4.325685D-02  0.000000D+00  4.325685D-02  1.000000D+01 -1.246299D-04  0.000000D+00  0.000000D+00
  165.18857     0.00000  4.388123D-02  0.000000D+00  4.388123D-02  1.000000D+01 -1.305320D-04  0.000000D+00  0.000000D+00
  170.19429     0.00000  4.455912D-02  0.000000D+00  4.455912D-02  1.000000D+01 -1.376493D-04  0.000000D+00  0.000000D+00
  175.20000     0.00000  4.523354D-02  0.000000D+00  4.523354D-02  1.000000D+01 -2.900199D+00  0.000000D+00  0.000000D+00
  175.25000     0.00000  1.900730D-01  0.000000D+00  1.900730D-01  1.000000D+01 -2.895807D+00  0.000000D+00  0.000000D+00
  175.30000     0.00000  3.349740D-01  0.000000D+00  3.349740D-01  1.000000D+01 -2.896025D+00  0.000000D+00  0.000000D+00
  175.35000     0.00000  4.797921D-01  0.000000D+00  4.797921D-01  1.000000D+01 -2.896269D+00  0.000000D+00  0.000000D+00
  175.40000     0.00000  6.247043D-01  0.000000D+00  6.247043D-01  1.000000D+01 -1.767034D-04  0.000000D+00  0.000000D+00
  180.29130     0.00000  6.250191D-01  0.000000D+00  6.250191D-01  1.000000D+01 -7.866086D-05  0.000000D+00  0.000000D+00
  185.18261     0.00000  6.252560D-01  0.000000D+00  6.252560D-01  1.000000D+01 -1.608206D-05  0.000000D+00  0.000000D+00
  190.07391     0.00000  6.251675D-01  0.000000D+00  6.251675D-01  1.000000D+01  4.710580D-05  0.000000D+00  0.000000D+00
  194.96522     0.00000  6.247712D-01  0.000000D+00  6.247712D-01  1.000000D+01  1.077234D-04  0.000000D+00  0.000000D+00
  199.85652     0.00000  6.240837D-01  0.000000D+00  6.240837D-01  1.000000D+01  1.650614D-04  0.000000D+00  0.000000D+00
  204.74783     0.00000  6.231230D-01  0.000000D+00  6.231230D-01  1.000000D+01  2.185388D-04  0.000000D+00  0.000000D+00
  209.63913     0.00000  6.219097D-01  0.000000D+00  6.219097D-01  1.000000D+01  2.676781D-04  0.000000D+00  0.000000D+00
  214.53044     0.00000  6.204663D-01  0.000000D+00  6.204663D-01  1.000000D+01  3.121178D-04  0.000000D+00  0.000000D+00
  219.42174     0.00000  6.188170D-01  0.000000D+00  6.188170D-01  1.000000D+01  3.516172D-04  0.000000D+00  0.000000D+00
  224.31304     0.00000  6.169869D-01  0.000000D+00  6.169869D-01  1.000000D+01  3.860527D-04  0.000000D+00  0.000000D+00
  229.20435     0.00000  6.150011D-01  0.000000D+00  6.150011D-01  1.000000D+01  4.154091D-04  0.000000D+00  0.000000D+00
  234.09565     0.00000  6.128848D-01  0.000000D+00  6.128848D-01  1.000000D+01  4.397664D-04  0.000000D+00  0.000000D+00
  238.98696     0.00000  6.106624D-01  0.000000D+00  6.106624D-01  1.000000D+01  4.592851D-04  0.000000D+00  0.000000D+00
  243.87826     0.00000  6.083573D-01  0.000000D+00  6.083573D-01  1.000000D+01  4.741899D-04  0.000000D+00  0.000000D+00
  248.76956     0.00000  6.059914D-01  0.000000D+00  6.059914D-01  1.000000D+01  4.847544D-04  0.000000D+00  0.000000D+00
  253.66087     0.00000  6.035856D-01  0.000000D+00  6.035856D-01  1.000000D+01  4.912860D-04  0.000000D+00  0.000000D+00
  258.55217     0.00000  6.011586D-01  0.000000D+00  6.011586D-01  1.000000D+01  4.941126D-04  0.000000D+00  0.000000D+00
  263.44348     0.00000  5.987279D-01  0.000000D+00  5.987279D-01  1.000000D+01  4.935715D-04  0.000000D+00  0.000000D+00
  268.33478     0.00000  5.963091D-01  0.000000D+00  5.963091D-01  1.000000D+01  4.899991D-04  0.000000D+00  0.000000D+00
  273.22609     0.00000  5.939160D-01  0.000000D+00  5.939160D-01  1.000000D+01  4.837241D-04  0.000000D+00  0.000000D+00
  278.11739     0.00000  5.915611D-01  0.000000D+00  5.915611D-01  1.000000D+01  4.750610D-04  0.000000D+00  0.000000D+00
  283.00870     0.00000  5.892552D-01  0.000000D+00  5.892552D-01  1.000000D+01  4.643065D-04  0.000000D+00  0.000000D+00
  287.90000     0.00000  5.870077D-01  0.000000D+00  5.870077D-01  1.000000D+01  4.517363D-04  0.000000D+00  0.000000D+00
  292.79130     0.00000  5.848268D-01  0.000000D+00  5.848268D-01  1.000000D+01  4.376038D-04  0.000000D+00  0.000000D+00
  297.68261     0.00000  5.827195D-01  0.000000D+00  5.827195D-01  1.000000D+01  4.221389D-04  0.000000D+00  0.000000D+00
  302.57391     0.00000  5.806915D-01  0.000000D+00  5.806915D-01  1.000000D+01  4.055486D-04  0.000000D+00  0.000000D+00
  307.46522     0.00000  5.787480D-01  0.000000D+00  5.787480D-01  1.000000D+01  3.880176D-04  0.000000D+00  0.000000D+00
  312.35652     0.00000  5.768929D-01  0.000000D+00  5.768929D-01  1.000000D+01  3.697087D-04  0.000000D+00  0.000000D+00
  317.24783     0.00000  5.751296D-01  0.000000D+00  5.751296D-01  1.000000D+01  3.507648D-04  0.000000D+00  0.000000D+00
  322.13913     0.00000  5.734609D-01  0.000000D+00  5.734609D-01  1.000000D+01  3.313097D-04  0.000000D+00  0.000000D+00
  327.03044     0.00000  5.718888D-01  0.000000D+00  5.718888D-01  1.000000D+01  3.114502D-04  0.000000D+00  0.000000D+00
  331.92174     0.00000  5.704151D-01  0.000000D+00  5.704151D-01  1.000000D+01  2.912772D-04  0.000000D+00  0.000000D+00
  336.81304     0.00000  5.690411D-01  0.000000D+00  5.690411D-01  1.000000D+01  2.708675D-04  0.000000D+00  0.000000D+00
  341.70435     0.00000  5.677677D-01  0.000000D+00  5.677677D-01  1.000000D+01  2.502853D-04  0.000000D+00  0.000000D+00
  346.59565     0.00000  5.665956D-01  0.000000D+00  5.665956D-01  1.000000D+01  2.295834D-04  0.000000D+00  0.000000D+00
  351.48696     0.00000  5.655252D-01  0.000000D+00  5.655252D-01  1.000000D+01  2.088052D-04  0.000000D+00  0.000000D+00
  356.37826     0.00000  5.645569D-01  0.000000D+00  5.645569D-01  1.000000D+01  1.879853D-04  0.000000D+00  0.000000D+00
  361.26956     0.00000  5.636907D-01  0.000000D+00  5.636907D-01  1.000000D+01  1.671517D-04  0.000000D+00  0.000000D+00
  366.16087     0.00000  5.629267D-01  0.000000D+00  5.629267D-01  1.000000D+01  1.463273D-04  0.000000D+00  0.000000D+00
  371.05217     0.00000  5.622650D-01  0.000000D+00  5.622650D-01  1.000000D+01  1.255312D-04  0.000000D+00  0.000000D+00
  375.94348     0.00000  5.617053D-01  0.000000D+00  5.617053D-01  1.000000D+01  1.047817D-04  0.000000D+00  0.000000D+00
  380.83478     0.00000  5.612476D-01  0.000000D+00  5.612476D-01  1.000000D+01  8.409885D-05  0.000000D+00  0.000000D+00
  385.72609     0.00000  5.609765D-01  0.000000D+00  5.609765D-01  1.000000D+01  7.046203D-05  0.000000D+00  0.000000D+00
  390.61739     0.00000  5.607033D-01  0.000000D+00  5.607033D-01  1.000000D+01  5.578210D-05  0.000000D+00  0.000000D+00
  395.50870     0.00000  5.604625D-01  0.000000D+00  5.604625D-01  1.000000D+01  2.702891D-05  0.000000D+00  0.000000D+00
  400.40000     0.00000  5.605881D-01  0.000000D+00  5.605881D-01  1.000000D+01  0.000000D+00  0.000000D+00  0.000000D+00
EndData
EndFile
